0	586848.1156	5247790.831
1	586846.8507	5247785.04
2	586846.1161	5247782.148
3	586846.9879	5247797.04
4	586845.3419	5247766.56
5	586848.0303	5247756.828
6	586836.518	5247791.06
7	586851.9439	5247740.484
8	586854.9767	5247734.349
9	586860.9446	5247731.481
10	586870.8872	5247726.269
11	586882.7958	5247727.631
12	586899.3677	5247725.043
13	586895.3931	5247718.386
14	586896.7983	5247710.273
15	586902.1231	5247712.711
16	586910.1058	5247710.919
17	586916.2689	5247716.548
18	586916.7505	5247715.049
19	586926.8607	5247716.335
20	586926.8424	5247723.531
21	586933.6516	5247724.354
22	586946.8159	5247721.102
23	586954.1281	5247713.019
24	586955.771	5247708.002
25	586831.4126	5247791.118
26	586831.4126	5247791.118
27	586953.5429	5247714.628
28	586958.1484	5247715.476
29	586962.0529	5247715.232
30	586961.6201	5247712.336
31	586959.7852	5247709.556
32	586959.9589	5247707.057
33	586957.7644	5247698.879
34	586954.4481	5247696.919
35	586954.8779	5247691.015
36	586951.6196	5247685.556
37	586956.7981	5247683.697
38	586955.9539	5247679.704
39	586962.9703	5247663.73
40	586956.4385	5247660.505
41	586956.4385	5247660.505
42	586966.8047	5247667.18
43	586969.4016	5247666.951
44	586980.3165	5247668.229
45	586980.8347	5247670.024
46	586983.0353	5247670.496
47	586983.9528	5247672.087
48	586987.7689	5247673.742
49	586989.6952	5247675.922
50	586997.0683	5247682.24
51	587004.9352	5247688.251
52	587008.1905	5247693.307
53	587005.112	5247695.042
54	587004.5298	5247696.551
55	587004.8925	5247702.144
56	587002.0945	5247702.174
57	587001.9207	5247704.375
58	587005.173	5247706.941
59	587011.5311	5247712.467
60	587006.2672	5247706.728
61	587011.9761	5247716.167
62	587017.2095	5247710.306
63	587020.1203	5247720.273
64	587014.7193	5247702.628
65	587021.1993	5247727.061
66	586846.171	5247813.255
67	586848.6551	5247820.824
68	586847.7803	5247823.238
69	586848.963	5247830.519
70	586848.902	5247834.018
71	586851.0539	5247847.192
72	586853.1387	5247854.672
73	586853.7148	5247861.566
74	586848.8136	5247870.119
75	586853.2241	5247870.869
76	586850.554	5247873.399
77	586850.682	5247875.995
78	586853.2942	5247885.77
79	586854.1141	5247887.365
80	586851.1057	5247886.599
81	586854.5347	5247898.164
82	586852.4438	5247889.882
83	586849.8926	5247885.414
84	586962.8027	5247720.124
85	586962.3364	5247723.025
86	586962.7936	5247727.918
87	586962.062	5247742.825
88	586954.3049	5247675.327
89	586959.1786	5247690.47
90	586949.1964	5247674.785
91	586945.4687	5247672.426
92	586940.9577	5247671.377
93	586938.4248	5247668.308
94	586936.6234	5247668.229
95	586931.9021	5247666.183
96	586929.8325	5247668.905
97	586922.3679	5247663.19
98	586913.0106	5247658.295
99	586902.7144	5247649.712
100	586898.2765	5247646.463
101	586838.2828	5247805.248
102	586831.5132	5247808.223
103	586829.98	5247813.941
104	586823.1525	5247811.619
105	586819.3882	5247815.066
106	586819.818	5247817.76
107	586817.7179	5247817.785
108	586813.8317	5247819.23
109	586812.0334	5247818.949
110	586808.9488	5247820.485
111	586806.5836	5247823.311
112	586806.6933	5247824.213
113	586806.6567	5247830.016
114	586805.7149	5247834.924
115	586803.1119	5247843.656
116	586800.8533	5247847.384
117	586786.162	5247856.65
118	586783.6352	5247863.279
119	586778.8163	5247861.432
120	586780.6298	5247862.712
121	586776.6339	5247862.959
122	586774.8082	5247869.482
123	586773.0434	5247872.502
124	586770.8549	5247873.627
125	586770.4983	5247877.532
126	586772.0101	5247878.318
127	586771.9369	5247880.717
128	586771.4584	5247882.625
129	586768.9164	5247887.752
130	586763.6525	5247881.811
131	586762.29	5247876.331
132	586757.5931	5247885.688
133	586753.6642	5247883.231
134	586750.6528	5247881.866
135	586749.6957	5247885.478
136	586746.6325	5247897.709
137	586744.9073	5247904.232
138	586751.4452	5247898.956
139	586739.7104	5247904.79
140	586748.9063	5247904.083
141	586743.4138	5247913.647
142	586742.3774	5247919.155
143	586739.3355	5247924.087
144	586733.0719	5247927.056
145	586729.9965	5247929.592
146	586727.9299	5247932.719
147	586724.9703	5247935.849
148	586722.0686	5247935.883
149	587014.9387	5247699.495
150	587014.8747	5247696.008
151	587016.3408	5247675.251
152	587018.2794	5247663.117
153	587021.5956	5247649.962
154	587025.9329	5247644.686
155	587029.8038	5247637.782
156	587028.734	5247632.338
157	587028.6151	5247625.599
158	587030.9621	5247618.845
159	587031.3827	5247612.916
160	587036.2412	5247610.07
161	587040.5541	5247606.388
162	587047.6255	5247606.369
163	587050.8076	5247606.36
164	587053.4868	5247607.336
165	587062.1005	5247607.311
166	587071.9181	5247608.674
167	587076.6425	5247609.536
168	587073.1952	5247613.718
169	587074.4906	5247620.902
170	587084.3874	5247629.492
171	587082.6043	5247640.028
172	587089.4837	5247646.896
173	587097.5456	5247658.377
174	587093.9612	5247666.256
175	587105.0559	5247676.23
176	587124.4442	5247685.663
177	587133.6766	5247689.016
178	587145.32	5247692.786
179	587155.5003	5247689.814
180	587168.3659	5247693.487
181	587173.1726	5247687.416
182	587182.4385	5247690.778
183	587192.2622	5247672.52
184	587202.9028	5247670.213
185	587214.4121	5247683.898
186	587225.5068	5247678.641
187	587225.5068	5247668.134
188	587230.536	5247663.69
189	587223.0196	5247656.25
190	587142.714	5247697.355
191	587140.4188	5247702.345
192	587124.4442	5247685.663
193	587125.5171	5247680.908
194	587127.0564	5247680.488
195	587127.4618	5247675.553
196	587133.0244	5247675.038
197	587138.2852	5247677.918
198	587142.6042	5247705.429
199	587141.1564	5247719.947
200	587094.519	5247672.231
201	587091.7362	5247675.583
202	587091.4283	5247678.665
203	587089.2642	5247682.17
204	587086.1095	5247686.254
205	587082.0374	5247682.874
206	587077.0113	5247684.737
207	587069.5559	5247688.754
208	587065.3191	5247691.756
209	587062.137	5247696.355
210	587057.7967	5247697.876
211	587054.3341	5247701.028
212	587049.4238	5247703.899
213	587051.0972	5247701.882
214	587038.4236	5247688.443
215	587036.2412	5247684.855
216	587034.6959	5247684.209
217	587030.4073	5247673.764
218	587055.6143	5247704.488
219	587056.3306	5247706.929
220	587058.1746	5247708.459
221	587058.8696	5247713.208
222	587059.3329	5247716.369
223	587059.6377	5247723.903
224	587059.6011	5247727.028
225	587061.1373	5247730.277
226	587061.1617	5247734.742
227	587062.1767	5247737.808
228	587063.7555	5247739.482
229	587065.5142	5247742.155
230	587066.77	5247745.736
231	587068.9188	5247748.016
232	587064.5053	5247749.308
233	587062.1279	5247748.988
234	587061.1434	5247748.492
235	587059.3816	5247747.275
236	587055.0596	5247747.678
237	587049.881	5247752.39
238	587045.5803	5247757.395
239	587043.5229	5247759.141
240	587038.5028	5247759.696
241	587216.4085	5247651.778
242	587212.6107	5247647.834
243	587213.3666	5247639.791
244	587212.8515	5247634.624
245	587210.3186	5247632.119
246	587205.8167	5247626.818
247	587215.7654	5247635.984
248	587216.9571	5247631.049
249	587224.4461	5247632.774
250	587226.3541	5247636.859
251	587231.1913	5247639.013
252	587229.6033	5247638.12
253	587229.7923	5247643.211
254	587229.7892	5247643.217
255	587233.8461	5247646.621
256	587225.6561	5247647.112
257	587230.856	5247653.833
258	587234.6386	5247648.563
259	587237.0313	5247654.421
260	587239.7257	5247651.294
261	587244.1788	5247651.391
262	587245.203	5247654.58
263	587245.0902	5247654.741
264	587259.2664	5247655.037
265	587252.4602	5247650.776
266	587253.3594	5247635.463
267	587253.335	5247635.496
268	587253.2984	5247632.433
269	587254.856	5247628.861
270	587254.5512	5247624.154
271	587254.4933	5247619.96
272	587254.4414	5247620.034
273	587258.6782	5247618.744
274	587262.6802	5247617.394
275	587262.4607	5247617.711
276	587275.5976	5247616.361
277	587274.9453	5247624.331
278	587290.798	5247626.879
279	587286.6527	5247616.016
280	587291.9959	5247609.353
281	587290.9382	5247600.386
282	587294.0776	5247596.326
283	587295.8546	5247597.408
284	587297.7779	5247596.055
285	587302.164	5247597.591
286	587308.4398	5247598.387
287	587308.4642	5247594.558
288	587311.7499	5247593.985
289	587313.8835	5247587.966
290	587319.7327	5247589.895
291	587321.406	5247583.415
292	587316.9955	5247570.47
293	587314.7949	5247565.49
294	587312.2894	5247562.624
295	587309.4335	5247556.986
296	587315.7703	5247554.556
297	587320.7537	5247555.102
298	587319.943	5247552.965
299	587321.217	5247550.18
300	587322.7898	5247550.436
301	587322.0827	5247547.04
302	587324.9234	5247546.598
303	587325.9811	5247545.068
304	587328.008	5247544.035
305	587328.4316	5247539.542
306	587332.0405	5247539.807
307	587332.2416	5247537.168
308	587334.488	5247536.396
309	587333.9241	5247533.111
310	587333.8998	5247533.144
311	587336.0608	5247532.809
312	587335.3994	5247530.474
313	587338.0755	5247526.606
314	587337.3166	5247525.558
315	587338.7004	5247523.894
316	587335.8169	5247522.336
317	587332.6775	5247521.565
318	587332.6379	5247521.626
319	587335.1586	5247514.509
320	587339.5599	5247518.782
321	587342.4616	5247526.78
322	587338.1121	5247531.376
323	587329.9922	5247531.044
324	587342.4768	5247511.254
325	587349.2373	5247507.181
326	587359.5761	5247498.455
327	587364.5504	5247509.224
328	587379.9489	5247507.916
329	587384.5575	5247503.106
330	587393.4241	5247499.159
331	587389.0747	5247493.959
332	587391.7599	5247488.345
333	587394.9238	5247484.803
334	587393.3297	5247478.771
335	587404.2994	5247468.103
336	587404.8724	5247460.602
337	587417.1406	5247456.143
338	587420.0149	5247460.135
339	587426.2145	5247457.758
340	587425.1233	5247444.53
341	587420.2069	5247445.295
342	587416.7901	5247428.89
343	587420.5361	5247422.307
344	587425.3977	5247421.725
345	587431.131	5247431.749
346	587438.248	5247440.945
347	587446.2003	5247438.827
348	587456.6762	5247440.72
349	587406.5184	5247469.917
350	587405.0005	5247477.366
351	587399.7244	5247474.781
352	587397.5054	5247481.014
353	587396.4051	5247484.105
354	587295.7815	5247622.329
355	587299.0215	5247623.237
356	587298.2686	5247623.947
357	587304.2854	5247626.84
358	587309.9486	5247630.001
359	587314.5541	5247633.186
360	587306.0532	5247626.578
361	587308.1076	5247627.312
362	587315.0692	5247630.808
363	587318.1904	5247632.412
364	587322.4667	5247634.652
365	587325.9993	5247635.709
366	587456.6701	5247440.729
367	587462.2084	5247450.412
368	587463.6318	5247453.546
369	587464.409	5247458.008
370	587473.4555	5247459.642
371	587478.1707	5247467.88
372	587480.9597	5247472.773
373	587482.508	5247477.104
374	587438.3334	5247446.2
375	587446.6057	5247464.046
376	587450.2175	5247467.435
377	587459.6359	5247476.119
378	587469.5723	5247481.779
379	587473.2909	5247486.482
380	587473.2909	5247486.482
381	587473.7755	5247488.256
382	587475.4763	5247494.453
383	587421.1	5247451.369
384	587417.7746	5247455.234
385	587416.6194	5247455.829
386	587416.8998	5247455.853
387	587482.508	5247477.104
388	587483.5779	5247476.128
389	587479.6521	5247465.534
390	587480.9658	5247461.413
391	587485.4463	5247457.609
392	587485.9706	5247453.14
393	587489.2655	5247449.166
394	587489.9726	5247443.911
395	587497.4493	5247441.29
396	587500.9149	5247435.206
397	587511.2172	5247430.329
398	587511.0739	5247426.842
399	587512.4607	5247421.139
400	587512.4607	5247421.139
401	587513.3782	5247416.278
402	587512.6406	5247409.636
403	587512.6406	5247409.636
404	587512.6406	5247409.636
405	587502.8321	5247397.228
406	587499.0892	5247388.12
407	587504.1123	5247383.701
408	587512.6101	5247376.23
409	587516.8773	5247371.914
410	587521.3731	5247368.958
411	587527.0119	5247364.809
412	587523.4854	5247355.775
413	587525.305	5247353.142
414	587533.623	5247353.907
415	587536.0888	5247350.941
416	587543.4985	5247351.746
417	587546.9184	5247346.192
418	587547.4701	5247340.325
419	587553.2613	5247337.618
420	587554.8523	5247333.589
421	587551.972	5247330.602
422	587551.8927	5247323.859
423	587552.5663	5247315.017
424	587557.2663	5247309.933
425	587560.7807	5247305.995
426	587567.2272	5247306.129
427	587567.2211	5247316.922
428	587567.3278	5247323.07
429	587566.9834	5247327.029
430	587020.3185	5247718.283
431	587016.3012	5247720.185
432	587013.5519	5247722.516
433	587012.4912	5247724.83
434	587011.1806	5247724.022
435	587006.9347	5247723.297
436	587006.7793	5247725.199
437	587005.6302	5247726.586
438	587003.9751	5247726.421
439	587001.8659	5247728.555
440	587002.9205	5247732.16
441	587005.1425	5247735.958
442	587003.0394	5247739.119
443	587001.1405	5247739.57
444	587004.0086	5247739.149
445	587008.1905	5247693.307
446	587008.9129	5247689.479
447	587011.464	5247684.511
448	587011.5037	5247681.115
449	587008.9891	5247678.54
450	587012.8478	5247670.856
451	587014.4694	5247666.555
452	587014.6858	5247663.163
453	587015.1125	5247658.88
454	586953.8751	5247675.361
455	586950.2907	5247670.484
456	586946.2368	5247667.357
457	586941.5246	5247665.092
458	586937.9249	5247663.803
459	586935.4134	5247664.263
460	586930.311	5247662.337
461	586925.2849	5247658.17
462	586921.8193	5247655.086
463	586919.8655	5247653.22
464	586853.1021	5247893.476
465	586853.1021	5247893.476
466	586852.3981	5247896.179
467	586852.3981	5247896.179
468	586854.3732	5247897.301
469	586856.4915	5247903.741
470	586855.8758	5247913.516
471	586862.3528	5247919.899
472	586863.6208	5247931.176
473	586863.5233	5247940.641
474	586862.1181	5247947.483
475	586858.8385	5247958.493
476	586858.5642	5247964.552
477	586858.3417	5247966.475
478	586857.5766	5247967.944
479	586858.1344	5247969.974
480	586856.4702	5247978.1
481	586856.1501	5247982.072
482	586855.5741	5247985.891
483	586854.8547	5247990.637
484	586853.6264	5247996.138
485	586853.9434	5248000.244
486	586853.791	5248003.637
487	586858.3417	5247966.475
488	586858.3417	5247966.475
489	586858.3112	5247969.502
490	586858.3112	5247969.502
491	586858.3112	5247969.502
492	586845.9759	5247738.82
493	586844.6531	5247742.755
494	586843.0895	5247752.009
495	586843.126	5247757.108
496	586841.41	5247763.259
497	586840.4621	5247759.001
498	586838.4382	5247761.939
499	586838.1669	5247763.25
500	586837.3013	5247768.377
501	587566.9895	5247332.071
502	587571.1286	5247332.513
503	587574.6003	5247336.009
504	587579.0565	5247343.19
505	587587.4202	5247344.537
506	587590.389	5247353.73
507	587590.8523	5247358.14
508	587594.1776	5247362.13
509	587599.7951	5247360.935
510	587600.0907	5247362.325
511	587602.0049	5247371.387
512	587606.5677	5247362.609
513	587599.3927	5247386.868
514	587567.1266	5247329.855
515	587330.5195	5247528.033
516	587328.7486	5247528.764
517	587326.7217	5247529.285
518	587327.1362	5247528.118
519	587324.9082	5247529.13
520	587323.5701	5247530.749
521	587320.0344	5247532.745
522	587309.0433	5247533.019
523	587308.0314	5247529.349
524	587305.8612	5247526.804
525	587305.2821	5247523.939
526	587300.7649	5247524.528
527	587300.0029	5247526.564
528	587298.3631	5247525.814
529	587296.894	5247522.574
530	587295.3852	5247523.689
531	587294.3428	5247521.763
532	587294.2819	5247519.312
533	587292.0202	5247518.371
534	587290.5054	5247517.404
535	587288.1554	5247518.188
536	587288.1401	5247515.999
537	587285.8907	5247517.167
538	587282.5714	5247514.518
539	587281.2577	5247509.757
540	587277.972	5247508.964
541	587276.9753	5247505.097
542	587277.2649	5247503.99
543	587270.099	5247502.652
544	587265.1674	5247503.384
545	587258.0198	5247502.308
546	587265.1674	5247503.384
547	587270.1386	5247503.347
548	587260.1869	5247500.323
549	587257.8613	5247500.342
550	587255.9715	5247498.836
551	587255.9472	5247495.684
552	587252.9571	5247496.919
553	587249.6012	5247497.416
554	587253.2375	5247497.388
555	587252.8717	5247500.137
556	587252.8717	5247500.137
557	587243.2949	5247498.464
558	587240.2164	5247500.497
559	587231.5753	5247499.5
560	587233.3676	5247499.83
561	587221.9802	5247499.574
562	587216.2683	5247499.116
563	587207.7034	5247499.18
564	587203.9513	5247497.845
565	587203.9513	5247497.845
566	587198.1784	5247493.563
567	587193.646	5247494.986
568	587190.4944	5247494.051
569	587186.8764	5247490.487
570	587185.8249	5247490.625
571	587183.2036	5247488.75
572	587179.9087	5247488.253
573	587176.7388	5247492.088
574	587173.5109	5247495.364
575	587172.4045	5247497.032
576	587168.4421	5247496.001
577	587162.4741	5247497.873
578	587162.4741	5247497.873
579	587411.8615	5247419.052
580	587411.6481	5247417.412
581	587412.4955	5247410.045
582	587413.9402	5247402.982
583	587416.3482	5247399.733
584	587415.9946	5247397.35
585	587415.7203	5247394.463
586	587417.3174	5247398.215
587	587420.7098	5247397.712
588	587423.6755	5247393.406
589	587426.2054	5247387.316
590	587429.8173	5247383.518
591	587429.9483	5247378.72
592	587435.5597	5247379.168
593	587431.1096	5247376.172
594	587431.0578	5247369.281
595	587433.7522	5247367.568
596	587432.1978	5247361.054
597	587431.7436	5247357.586
598	587434.1576	5247353.327
599	587436.9587	5247350.487
600	587438.3821	5247343.519
601	587438.5498	5247337.38
602	587439.6654	5247333.854
603	587445.1792	5247329.48
604	587454.9846	5247329.062
605	587462.2358	5247332.528
606	587462.2358	5247332.528
607	587465.8202	5247331.537
608	587467.6765	5247330.218
609	587470.6422	5247329.669
610	587474.3943	5247331.464
611	587475.7506	5247333.683
612	587476.4578	5247335.174
613	587475.7232	5247333.869
614	587477.9421	5247330.873
615	587480.9048	5247329.885
616	587481.8893	5247330.565
617	587484.0168	5247326.813
618	587487.2172	5247327.124
619	587488.5035	5247324.024
620	587492.9048	5247326.624
621	587497.0501	5247327.7
622	587501.558	5247330.05
623	587506.3739	5247330.864
624	587510.9337	5247335.353
625	587513.3904	5247338.804
626	587516.7554	5247339.675
627	587521.3213	5247342.824
628	587523.589	5247346.53
629	587564.9656	5247328.309
630	587558.4307	5247325.786
631	587553.0723	5247328.599
632	587552.3225	5247329.641
633	587572.8599	5247333.991
634	587581.1596	5247342.629
635	587583.8906	5247351.057
636	587590.3402	5247359.661
637	587596.0339	5247360.883
638	587599.9963	5247373.877
639	587601.0722	5247375.669
640	587599.0483	5247383.466
641	587599.2739	5247388.745
642	587589.6635	5247359.817
643	587590.8644	5247366.55
644	587595.1713	5247368.561
645	587596.2076	5247374.365
646	587598.7466	5247377.617
647	587572.7136	5247329.864
648	587577.2978	5247318.946
649	587579.3613	5247313.21
650	587581.5711	5247302.676
651	587573.2043	5247304.797
652	587569.373	5247306.446
653	587601.188	5247372.536
654	587603.1479	5247371.362
655	587606.5281	5247373.106
656	587615.73	5247361.152
657	587617.5924	5247365.309
658	587611.6731	5247357.104
659	587608.1161	5247358.198
660	587617.6228	5247363.572
661	587625.0996	5247362.252
662	587633.7102	5247369.522
663	587636.5387	5247374.651
664	587640.8516	5247387.212
665	587643.5918	5247393.384
666	587644.2685	5247406.204
667	587613.1331	5247368.08
668	587609.6858	5247374.414
669	587606.9487	5247384.243
670	587604.4616	5247389.684
671	587603.346	5247392.51
672	587605.5253	5247397.088
673	587605.5253	5247397.088
674	587603.8306	5247399.136
675	587600.2462	5247398.337
676	587595.8906	5247401.672
677	587598.4936	5247394.296
678	587592.0806	5247389.882
679	587593.6564	5247380.525
680	587594.458	5247375.203
681	587594.5281	5247372.658
682	587595.2719	5247367.043
683	587595.6437	5247364.245
684	587645.6736	5247402.199
685	587654.2537	5247400.995
686	587658.6337	5247405.104
687	587668.0124	5247398.724
688	587682.6854	5247402.537
689	587689.0588	5247403.382
690	587698.5503	5247388.52
691	587698.9191	5247380.244
692	587723.5195	5247380.055
693	587668.9755	5247392.11
694	587674.1693	5247393.034
695	587675.3123	5247393.308
696	587675.102	5247389.117
697	587678.8937	5247387.346
698	587677.9245	5247380.363
699	587678.0616	5247378.708
700	587679.6283	5247373.7
701	587686.8947	5247380.281
702	587691.5338	5247380.86
703	587697.069	5247378.723
704	587701.8025	5247378.894
705	587624.2644	5247365.782
706	587618.9548	5247362.709
707	587552.0786	5247324.006
708	587552.0847	5247323.984
709	587707.5053	5247374.99
710	587708.4289	5247362.011
711	587707.5419	5247354.827
712	587709.6907	5247353.995
713	587700.7083	5247344.095
714	587702.6925	5247336.237
715	587710.9282	5247338.127
716	587717.7679	5247342.916
717	587713.8817	5247352.294
718	587710.3003	5247346.485
719	587722.0626	5247350.971
720	587725.4672	5247362.721
721	587735.7816	5247362.154
722	587749.8451	5247365.907
723	587758.3307	5247368.494
724	587763.2868	5247369.098
725	587768.9469	5247369.381
726	587796.0192	5247349.545
727	587799.1556	5247349.822
728	587796.7751	5247337.667
729	587804.0477	5247336.49
730	587808.2996	5247333.467
731	587818.0563	5247334.82
732	587822.2838	5247337.265
733	587833.4761	5247336.451
734	587845.7443	5247340.666
735	587858.7958	5247349.804
736	587864.3889	5247349.396
737	587874.2401	5247347.079
738	587888.0871	5247343.044
739	587893.5796	5247344.305
740	587899.5781	5247336.17
741	587902.6992	5247335.664
742	587908.6459	5247334.707
743	587906.7592	5247345.238
744	587908.5209	5247327.91
745	587910.7307	5247321.564
746	587915.4399	5247314.932
747	587602.7455	5247366.413
748	587601.1393	5247354.815
749	587605.376	5247354.577
750	587607.1712	5247351.956
751	587609.0488	5247349.838
752	587612.4108	5247344.744
753	587614.6358	5247338.06
754	587610.0729	5247340.553
755	587608.235	5247344.622
756	587619.3145	5247336.332
757	587619.6711	5247344.781
758	587621.8565	5247350.703
759	587622.6216	5247355.376
760	587773.8938	5247369.028
761	587780.0843	5247372.597
762	587782.4251	5247370.21
763	587774.8722	5247365.361
764	587771.1628	5247366.742
765	587785.4488	5247367.812
766	587785.8115	5247357.653
767	587711.0197	5247358.448
768	587713.199	5247366.227
769	587716.8322	5247371.119
770	587717.0516	5247375.864
771	587717.0516	5247375.864
772	587703.7014	5247381.473
773	587696.7123	5247384.158
774	587693.0425	5247385.953
775	587689.8117	5247380.967
776	587717.1096	5247381.064
777	587717.1096	5247381.064
778	587320.3514	5247587.493
779	587323.2561	5247588.447
780	587327.4807	5247587.801
781	587328.3433	5247592.361
782	587319.9826	5247594.223
783	587317.0382	5247595.506
784	587911.8219	5247315.645
785	587913.9646	5247309.458
786	587916.6926	5247302.74
787	587916.0342	5247295.425
788	587911.4287	5247295.123
789	587908.2131	5247283.321
790	587901.4252	5247282.76
791	587900.3675	5247275.445
792	587906.5885	5247261.564
793	587904.6591	5247257.498
794	587901.0259	5247246.471
795	587887.3525	5247233.428
796	587874.112	5247216.676
797	587872.7557	5247207.188
798	587865.2302	5247193.774
799	587867.3119	5247180.619
800	587872.2345	5247171.898
801	587876.8095	5247165.915
802	587886.81	5247157.92
803	587893.8936	5247157.817
804	587899.6817	5247159.063
805	587875.9835	5247167.881
806	587873.9901	5247157.786
807	587874.7704	5247151.394
808	587880.1837	5247142.808
809	587888.0414	5247122.469
810	587894.8019	5247112.907
811	587891.4765	5247101.465
812	587882.7592	5247090.434
813	587882.0033	5247084.04
814	587882.5946	5247078.639
815	587880.4336	5247073.481
816	587886.9533	5247072.006
817	587887.1453	5247067.136
818	587886.0907	5247060.284
819	587884.4234	5247054.736
820	587883.8382	5247049.789
821	587877.4557	5247080.595
822	587870.1222	5247082.055
823	586844.4733	5247745.733
824	586842.105	5247745.261
825	586840.328	5247743.81
826	586841.852	5247742.133
827	586839.057	5247741.045
828	586838.3102	5247740.756
829	586840.8004	5247741.109
830	586844.7476	5247741.265
831	586962.632	5247746.538
832	586961.9218	5247752.122
833	586960.7118	5247752.899
834	586961.236	5247755.222
835	586959.5993	5247761.214
836	586960.6234	5247764.408
837	586959.9163	5247772.08
838	586959.837	5247772.949
839	586964.598	5247761.15
840	586964.598	5247761.15
841	586846.3295	5247783.656
842	586843.6747	5247769.422
843	586842.5987	5247765.332
844	586846.8659	5247752.972
845	586844.8603	5247747.108
846	586848.4539	5247742.786
847	586846.6495	5247744.166
848	586848.6886	5247741.49
849	586846.1984	5247737.766
850	586842.1141	5247740.192
851	586841.1448	5247738.893
852	586838.2157	5247739.448
853	586836.8807	5247739.351
854	586835.1433	5247736.428
855	586833.2109	5247736.044
856	586727.1313	5247904.951
857	586719.0511	5247909.758
858	586716.5121	5247917.028
859	586711.3275	5247921.49
860	586704.3963	5247921.578
861	587878.3549	5247212.601
862	587885.6182	5247213.409
863	587893.3602	5247214.552
864	587896.5484	5247213.531
865	587898.0297	5247211.422
866	587901.0838	5247212.62
867	587905.3449	5247211.257
868	587908.5148	5247215.104
869	587914.943	5247215.031
870	587921.1518	5247210.55
871	587926.3761	5247205.164
872	587927.7965	5247191.683
873	587922.7551	5247190.32
874	587915.638	5247182.615
875	587912.0627	5247179.134
876	587913.416	5247176.623
877	587913.0228	5247174.34
878	587917.3693	5247170.975
879	587922.0601	5247188.016
880	587925.099	5247184.291
881	587923.6542	5247182.286
882	587924.5077	5247181.408
883	587922.4655	5247177.177
884	587925.8732	5247173.672
885	587929.7137	5247172.365
886	587931.7771	5247173.715
887	587935.9956	5247172.029
888	587935.6908	5247169.021
889	587935.4073	5247166.945
890	587937.7695	5247168.875
891	587937.483	5247166.476
892	587937.4403	5247163.3
893	587939.5831	5247165.388
894	587941.9666	5247164.803
895	587945.0847	5247159.655
896	587950.4522	5247158.63
897	587952.7169	5247148.993
898	587958.9043	5247145.003
899	587958.8281	5247139.062
900	587967.6734	5247140.19
901	587968.0392	5247133.78
902	587972.5289	5247131.317
903	587977.6404	5247130.531
904	587984.6051	5247126.715
905	587997.0013	5247126.12
906	588000.1316	5247124.362
907	587980.8804	5247108.28
908	587973.8091	5247093.193
909	587980.6457	5247084.713
910	587992.6061	5247090.59
911	587999.6805	5247094.22
912	587995.9162	5247078.828
913	588005.0968	5247073.795
914	588011.0404	5247076.106
915	588000.0158	5247140.623
916	588001.7013	5247154.845
917	587993.0694	5247165.406
918	587996.8093	5247167.86
919	587993.7643	5247178.302
920	587996.9617	5247192.433
921	587994.2246	5247201.814
922	588000.8418	5247171.929
923	588003.4966	5247177.437
924	588003.3899	5247180.152
925	588001.2258	5247178.186
926	587985.3397	5247160.337
927	587977.9056	5247155.275
928	587975.0313	5247151.559
929	587970.0692	5247150.389
930	587881.5553	5247238.421
931	587882.0155	5247242.316
932	587877.5471	5247250.985
933	587875.3739	5247252.384
934	587876.587	5247257.754
935	587873.2312	5247262.168
936	587874.6607	5247266.386
937	587876.8857	5247277.094
938	587871.7255	5247278.261
939	587861.9688	5247280.465
940	587871.2743	5247083.016
941	587866.7938	5247079.337
942	587868.4732	5247070.616
943	587866.361	5247063.847
944	587864.9863	5247059.235
945	587858.8659	5247039.621
946	587857.1347	5247033.714
947	587854.0501	5247018.258
948	587850.8863	5247017.557
949	587843.3181	5247014.765
950	587841.5259	5247009.379
951	587840.8675	5247000.479
952	587836.4449	5246993.798
953	587842.2361	5246974.806
954	587844.1807	5246955.896
955	587846.3752	5246950.729
956	587849.5391	5246940.979
957	587853.7575	5246934.761
958	587862.9777	5246933.066
959	587863.9805	5246918.158
960	587861.4903	5246902.894
961	587858.5276	5246890.352
962	587856.7171	5246879.26
963	587856.522	5246869.945
964	587854.5591	5246851.995
965	587850.5114	5246843.458
966	587847.3475	5246831.918
967	587841.1113	5246828.815
968	587844.4276	5246809.817
969	587833.2445	5246799.579
970	587822.0431	5246787.765
971	587819.1962	5246773.485
972	587826.9686	5246754.271
973	587821.3664	5246742.984
974	587015.335	5247657.116
975	587014.9418	5247653.848
976	587015.8501	5247651.623
977	587016.0665	5247650.12
978	587015.783	5247648.773
979	587015.7587	5247647.155
980	587017.0388	5247641.217
981	587015.4356	5247637.749
982	587012.7686	5247637.319
983	587019.6388	5247636.916
984	587020.5715	5247634.07
985	587022.5313	5247634.317
986	587820.2691	5246737.735
987	587822.7959	5246732.989
988	587822.2168	5246725.287
989	587818.2879	5246722.05
990	587814.9382	5246716.78
991	587815.9074	5246705.24
992	587819.9978	5246696.045
993	587824.8472	5246697.791
994	587828.5292	5246688.662
995	587832.5373	5246676.272
996	587837.2709	5246663.916
997	587836.771	5246657.24
998	587837.1398	5246649.718
999	587833.3908	5246635.581
1000	587830.0471	5246617.217
1001	587923.325	5247299.902
1002	587931.7101	5247308.019
1003	587931.4845	5247320.342
1004	587932.7495	5247328.383
1005	587935.0263	5247329.782
1006	587938.0347	5247332.796
1007	587946.6666	5247336.207
1008	587949.6781	5247336.42
1009	587955.8624	5247331.94
1010	587959.8035	5247334.128
1011	587964.3755	5247335.024
1012	587973.3214	5247339.791
1013	587977.3935	5247341.782
1014	587975.4641	5247347.366
1015	587979.2437	5247348.673
1016	587953.1802	5247140.995
1017	587947.6969	5247139.617
1018	587941.0766	5247146.326
1019	587941.1497	5247150.888
1020	587926.8912	5247151.733
1021	587922.0937	5247149.785
1022	587917.0614	5247145.847
1023	587914.0622	5247144.506
1024	587909.859	5247147.776
1025	587903.7782	5247150.343
1026	587901.3185	5247154.942
1027	587907.323	5247162.928
1028	587909.0604	5247171.158
1029	587912.2303	5247176.242
1030	587985.4768	5247342.285
1031	587987.6226	5247337.892
1032	587990.8169	5247338.063
1033	587992.3348	5247343.748
1034	587996.8398	5247345.668
1035	588002.5639	5247348.466
1036	588010.4978	5247358.284
1037	588010.76	5247366.01
1038	588010.2083	5247369.899
1039	588004.5055	5247370.494
1040	588003.7099	5247373.676
1041	588005.3589	5247375.017
1042	588006.7061	5247377.352
1043	588010.3058	5247380.836
1044	588015.1765	5247382.238
1045	588017.2339	5247381.649
1046	588020.9738	5247383.817
1047	588026.8107	5247385.277
1048	588028.5481	5247385.097
1049	588031.5047	5247387.328
1050	588034.2722	5247386.59
1051	588036.8143	5247389.227
1052	588039.8013	5247390.821
1053	588041.3223	5247395.015
1054	588042.4409	5247397.941
1055	588042.0325	5247400.824
1056	588045.6565	5247402.921
1057	588047.2963	5247405.552
1058	588046.4124	5247409.374
1059	588048.5247	5247411.489
1060	588051.9415	5247413.632
1061	588052.8224	5247417.799
1062	588056.2849	5247419.884
1063	588059.4701	5247422.118
1064	588061.3537	5247423.081
1065	588065.1119	5247427.732
1066	588067.4253	5247429.479
1067	588070.2874	5247428.927
1068	588071.3847	5247430.759
1069	588070.388	5247432.127
1070	588069.3517	5247434.825
1071	588068.9311	5247437.785
1072	588068.7329	5247440.031
1073	588067.8947	5247445.292
1074	588082.705	5247447.654
1075	587951.5129	5247161.404
1076	587949.8548	5247164.656
1077	587951.1502	5247167.72
1078	587949.0806	5247171.021
1079	587948.9221	5247172.316
1080	587954.8048	5247181.753
1081	587956.8378	5247192.274
1082	587959.0324	5247198.318
1083	587955.8167	5247202.278
1084	587025.0063	5247636.709
1085	587029.7642	5247636.88
1086	587031.9131	5247633.451
1087	587034.5374	5247632.116
1088	587035.5341	5247628.87
1089	587043.6814	5247633.777
1090	587045.1475	5247640.163
1091	587046.4398	5247645.783
1092	587047.3359	5247649.678
1093	587047.8937	5247652.114
1094	587050.3626	5247652.51
1095	587766.478	5247370.786
1096	587771.8486	5247374.222
1097	587770.9037	5247392.293
1098	587770.5471	5247399.13
1099	587776.3566	5247372.164
1100	587780.9164	5247376.127
1101	587777.5819	5247366.37
1102	587786.9484	5247363.773
1103	587791.1455	5247371.042
1104	587786.6527	5247377.007
1105	587791.9014	5247372.521
1106	587793.526	5247373.984
1107	587793.7698	5247375.715
1108	587793.4101	5247376.562
1109	587794.0075	5247380.339
1110	587794.5409	5247381.226
1111	587795.1414	5247381.805
1112	587794.1782	5247382.875
1113	587785.6286	5247358.616
1114	587788.6156	5247356.394
1115	587799.5031	5247361.618
1116	587810.4424	5247362.691
1117	587824.387	5247363.319
1118	587823.122	5247354.65
1119	587825.2922	5247352.267
1120	587824.1645	5247350.011
1121	587826.2615	5247343.556
1122	587826.612	5247340.127
1123	587835.4055	5247364.096
1124	587837.0087	5247372.344
1125	587845.2109	5247365.83
1126	587855.0316	5247368.104
1127	587863.0173	5247364.334
1128	587866.175	5247359.515
1129	587868.1044	5247352.239
1130	587868.4763	5247350.069
1131	587869.5614	5247346.719
1132	587856.8451	5247374.426
1133	587856.8451	5247378.915
1134	587864.3859	5247390.522
1135	587780.9164	5247376.127
1136	587904.08	5247349.21
1137	587898.9959	5247349.063
1138	587892.2964	5247348.301
1139	587906.8262	5247352.343
1140	587908.021	5247352.184
1141	587908.527	5247350.478
1142	587909.7279	5247355.531
1143	587910.3863	5247348.228
1144	587915.1259	5247343.303
1145	587919.512	5247326.331
1146	587915.513	5247315.057
1147	587920.3319	5247296.36
1148	587923.9651	5247293.846
1149	587926.0682	5247280.401
1150	587927.9153	5247272.348
1151	587926.5346	5247257.093
1152	587928.1409	5247253.484
1153	587929.7746	5247249.811
1154	587927.513	5247243.679
1155	587922.749	5247243.292
1156	587919.9479	5247244.386
1157	587911.7305	5247244.002
1158	587903.382	5247237.324
1159	587901.4099	5247239.238
1160	587918.6067	5247264.036
1161	587912.4742	5247258.562
1162	587909.798	5247266.371
1163	587921.0086	5247299.741
1164	587918.1983	5247304.819
1165	587922.4564	5247306.8
1166	587930.369	5247305.821
1167	587929.6862	5247298.07
1168	587932.2862	5247287.6
1169	587934.944	5247278.88
1170	587934.1576	5247270.001
1171	587935.0416	5247257.233
1172	587934.5021	5247251.143
1173	587944.5025	5247250.96
1174	587838.362	5246614.508
1175	587838.4931	5246618.177
1176	587846.0826	5246622.548
1177	587851.5172	5246626.209
1178	587855.7509	5246625.477
1179	587819.5986	5246618.324
1180	587815.4472	5246617.293
1181	587808.5374	5246618.025
1182	587803.7002	5246612.849
1183	587793.1206	5246607.927
1184	587785.1775	5246606.534
1185	587778.7096	5246605.973
1186	587778.1762	5246609.359
1187	587775.75	5246607.4
1188	587925.5958	5247210.968
1189	587929.4149	5247210.794
1190	587933.3987	5247219.724
1191	587936.0443	5247223.495
1192	587935.9102	5247231.581
1193	587936.8947	5247240.875
1194	587930.2105	5247207.191
1195	587934.0357	5247207.389
1196	587935.898	5247203.189
1197	587940.6712	5247205.938
1198	587948.3766	5247203.722
1199	587948.2485	5247202.269
1200	587951.007	5247198.468
1201	587948.7576	5247197.395
1202	587930.3111	5247207.091
1203	587927.5069	5247204.978
1204	587999.33	5247098.941
1205	588001.3203	5247103.91
1206	588002.3963	5247109.338
1207	588003.8136	5247112.194
1208	588005.0785	5247119.198
1209	588004.1854	5247120.884
1210	587983.0658	5247084.79
1211	587980.3318	5247079.943
1212	587989.8507	5247075.694
1213	587977.0796	5247076.734
1214	587971.9711	5247078.343
1215	587966.7255	5247078.873
1216	587960.7575	5247081.211
1217	587960.2119	5247085.652
1218	587958.9958	5247092.547
1219	587959.8187	5247094.193
1220	587958.0509	5247099.063
1221	587962.2724	5247096.433
1222	587963.266	5247102.276
1223	587961.547	5247106.595
1224	587963.8238	5247110.432
1225	587966.186	5247112.054
1226	587967.7039	5247114.093
1227	587968.0575	5247121.122
1228	587973.4707	5247126.407
1229	587946.5112	5247150.742
1230	587832.391	5246665.629
1231	587832.3819	5246671.661
1232	587837.0118	5246660.56
1233	587852.7303	5246660.526
1234	587859.9937	5246661.788
1235	587865.3917	5246660.529
1236	587867.3089	5246658.466
1237	587867.3089	5246658.466
1238	587867.0254	5246653.275
1239	587864.0811	5246646.707
1240	587808.4825	5246694.246
1241	587824.8045	5246703.972
1242	587831.7631	5246699.407
1243	587833.0311	5246702.893
1244	587840.4042	5246701.577
1245	587848.0486	5246700.208
1246	587823.4512	5246706.423
1247	587814.3042	5246705.646
1248	587809.6377	5246706.389
1249	587809.6377	5246706.389
1250	587809.6377	5246706.389
1251	587809.6377	5246706.389
1252	587848.2559	5246809.875
1253	587851.569	5246836.271
1254	587911.4653	5247117.644
1255	587848.8441	5246977.323
1256	587821.2353	5246977.805
1257	587782.5257	5247375.209
1258	587782.8001	5247380.202
1259	587792.9286	5247384.426
1260	587793.9588	5247386.13
1261	587784.5862	5247397.767
1262	587782.6324	5247398.151
1263	587777.0089	5247405.134
1264	587913.4709	5246477.329
1265	587913.5227	5246477.253
1266	587912.907	5246477.241
1267	587914.3914	5246474.229
1268	587912.8887	5246476.744
1269	587915.4643	5246476.72
1270	587914.9491	5246477.058
1271	587913.6324	5246476.302
1272	587914.0073	5246475.805
1273	587913.6415	5246474.409
1274	587913.0472	5246474.001
1275	587909.8742	5246470.483
1276	587909.5207	5246470.24
1277	587906.8476	5246470.041
1278	587906.8476	5246470.041
1279	587906.5489	5246472.879
1280	587906.5489	5246472.879
1281	587906.5489	5246472.879
1282	587901.4282	5246472.879
1283	587904.2842	5246472.398
1284	587902.9004	5246468.594
1285	587911.7975	5246481.124
1286	587908.8592	5246484.745
1287	587907.8625	5246486.552
1288	587906.7866	5246485.397
1289	587906.7866	5246485.397
1290	587905.3297	5246482.121
1291	587906.0337	5246483.325
1292	587908.7434	5246479.457
1293	587907.9723	5246477.838
1294	587902.5042	5246490.558
1295	587901.1539	5246492.49
1296	587900.5321	5246494.233
1297	587899.3038	5246495.498
1298	587897.7767	5246501.283
1299	587897.1488	5246504.06
1300	587895.064	5246510.961
1301	587892.9578	5246514.472
1302	587887.4196	5246523.351
1303	587884.2771	5246527.085
1304	587884.2771	5246532.809
1305	587880.0678	5246540.405
1306	587877.8093	5246545.038
1307	587877.4252	5246550.493
1308	587882.4971	5246526.353
1309	587878.3	5246532.126
1310	587877.093	5246535.881
1311	587875.0021	5246535.808
1312	587872.8898	5246540.819
1313	587871.2439	5246546.644
1314	587869.281	5246553.599
1315	587869.6406	5246558.284
1316	587870.1649	5246561.137
1317	587868.8116	5246569.025
1318	587868.077	5246571.067
1319	587868.0496	5246574.085
1320	587866.2238	5246577.133
1321	587866.0165	5246579.672
1322	587864.4986	5246584.701
1323	587862.6241	5246592.352
1324	587862.6577	5246596.582
1325	587859.9419	5246610.914
1326	587854.5256	5246610.448
1327	587854.0349	5246615.388
1328	587857.3724	5246628.239
1329	587855.7509	5246625.477
1330	587885.1001	5246522.482
1331	587882.43	5246521.382
1332	587874.5388	5246518.352
1333	587901.1051	5246482.834
1334	587901.1051	5246482.834
1335	587904.0525	5246484.401
1336	587903.6045	5246488.656
1337	587903.6045	5246488.656
1338	586853.7148	5247861.566
1339	586836.009	5247804.477
1340	586836.2924	5247806.257
1341	586834.741	5247806.065
1342	586834.741	5247806.065
1343	586835.1677	5247801.182
1344	586835.0001	5247796.434
1345	586836.713	5247803.304
1346	586833.7778	5247792.428
1347	587871.2317	5246686.739
1348	587870.3264	5246678.119
1349	587868.1532	5246670.536
1350	587650.529	5247381.369
1351	587930.2989	5246339.355
1352	587929.3631	5246343.412
1353	587932.9019	5246350.67
1354	587937.544	5246353.242
1355	587943.3413	5246353.343
1356	587949.2483	5246351.425
1357	587949.2483	5246357.784
1358	587951.7568	5246362.127
1359	587952.2048	5246368.513
1360	587949.0471	5246375.599
1361	587951.4215	5246380.686
1362	587949.5775	5246384.829
1363	587949.486	5246387.416
1364	587947.8279	5246389.394
1365	587942.6463	5246396.268
1366	587939.8848	5246400.364
1367	587935.6146	5246405.454
1368	587927.8635	5246413.202
1369	587927.2326	5246416.458
1370	587925.3672	5246420.46
1371	587923.578	5246431.74
1372	587920.1765	5246435.943
1373	587917.8874	5246438.397
1374	587912.2943	5246445.063
1375	587910.9959	5246451.162
1376	587910.6057	5246456.752
1377	587910.8983	5246460.087
1378	587910.24	5246463.473
1379	587912.7851	5246468.469
1380	587914.8516	5246472.9
1381	587913.5105	5246474.888
1382	587947.1269	5246387.919
1383	587947.1269	5246387.919
1384	587953.1589	5246345.625
1385	587958.0783	5246342.787
1386	587961.3001	5246339.331
1387	587964.7626	5246335.204
1388	587967.2681	5246325.856
1389	587969.5541	5246316.687
1390	587971.5779	5246305.203
1391	587977.6038	5246303.13
1392	587990.6828	5246295.879
1393	587996.8977	5246293.977
1394	588000.2474	5246291.066
1395	588007.7242	5246286.207
1396	588007.7242	5246280.779
1397	588014.7529	5246274.671
1398	588020.8763	5246269.712
1399	588023.8481	5246267.471
1400	588027.1491	5246258.407
1401	588029.0632	5246251.265
1402	588029.9837	5246240.734
1403	588031.1694	5246235.16
1404	587927.2326	5246416.458
1405	587924.7728	5246417.46
1406	587922.6088	5246420.13
1407	587925.925	5246421.722
1408	587928.4	5246420.426
1409	587927.7233	5246419.091
1410	587926.0835	5246418.658
1411	587922.6088	5246420.13
1412	587920.1155	5246877.519
1413	587912.0962	5246881.607
1414	587907.762	5246883.722
1415	587898.2949	5246882.223
1416	587893.2443	5246882.311
1417	587886.1974	5246886.712
1418	587884.0912	5246890.083
1419	587881.7564	5246894.869
1420	587883.4694	5246897.505
1421	587882.3599	5246904.506
1422	587883.3322	5246907.893
1423	587880.8877	5246910.514
1424	587880.7262	5246915.11
1425	587878.4371	5246916.656
1426	587878.9096	5246919.637
1427	587876.3218	5246919.728
1428	587871.0427	5246923.563
1429	587868.1014	5246922.493
1430	587865.7453	5246918.725
1431	587864.7973	5246919.033
1432	587922.0418	5246420.13
1433	587921.225	5246420.274
1434	587802.2006	5246705.213
1435	587800.9235	5246706.908
1436	587812.2529	5246711.711
1437	587819.0682	5246715.826
1438	587815.1302	5246725.567
1439	587806.9036	5246735.373
1440	587804.834	5246742.591
1441	587809.4975	5246749.25
1442	587809.5737	5246753.691
1443	587814.5968	5246755.926
1444	587810.4698	5246761.406
1445	587807.5437	5246767.679
1446	587803.7947	5246770.303
1447	587799.0672	5246776.576
1448	587793.2882	5246785.823
1449	587791.307	5246797.055
1450	587791.1607	5246805.471
1451	587791.1607	5246811.149
1452	587791.6545	5246820.543
1453	587789.7769	5246828.675
1454	587782.861	5246831.9
1455	587778.4353	5246834.253
1456	587773.6865	5246843.184
1457	587817.4223	5246752.177
1458	587776.4114	5246836.088
1459	587767.8161	5246846.439
1460	587763.2593	5246843.912
1461	587756.8768	5246845.384
1462	587748.9337	5246848.594
1463	587741.6581	5246849.103
1464	587737.8451	5246849.914
1465	587733.2792	5246853.885
1466	587726.3572	5246859.292
1467	587727.7806	5246863.953
1468	587725.8634	5246866.498
1469	587726.1194	5246871.393
1470	587722.0991	5246862.273
1471	587823.8719	5246718.621
1472	587825.1337	5246719.155
1473	587833.6102	5246721.761
1474	587833.6133	5246721.742
1475	587836.1248	5246717.484
1476	587842.5134	5246717.378
1477	587843.4004	5246715.25
1478	587846.299	5246714.64
1479	587849.4263	5246716.753
1480	587845.7778	5246712.799
1481	587851.9104	5246712.019
1482	587851.9195	5246711.903
1483	587850.2371	5246711.891
1484	587850.0237	5246709.316
1485	587855.0041	5246708.349
1486	587860.6978	5246709.148
1487	587865.6843	5246707.234
1488	587873.8255	5246705.652
1489	587875.9317	5246707.831
1490	587840.453	5246713.36
1491	587879.129	5246704.85
1492	587877.1052	5246698.233
1493	587842.2117	5246710.148
1494	587837.5086	5246710.98
1495	587828.898	5246710.212
1496	587858.0399	5246718.271
1497	587860.8289	5246602.898
1498	587862.2218	5246604.961
1499	587864.837	5246606.126
1500	587864.837	5246606.126
1501	587863.4715	5246603.94
1502	587865.5106	5246604.047
1503	587866.2482	5246605.181
1504	587866.806	5246607.131
1505	587869.4577	5246608.259
1506	587866.806	5246607.131
1507	587862.8161	5246605.76
1508	587863.8738	5246605.851
1509	587863.5629	5246605.86
1510	587861.7798	5246607.022
1511	587910.8923	5246486.552
1512	587910.8923	5246486.552
1513	587862.5845	5246531.386
1514	587861.4933	5246534.958
1515	587860.4722	5246539.755
1516	587858.5459	5246545.053
1517	587858.2624	5246549.094
1518	587857.4639	5246554.13
1519	587858.5215	5246554.764
1520	587861.1428	5246556.888
1521	587860.4814	5246559.744
1522	587860.7496	5246561.93
1523	587859.7803	5246565.554
1524	587858.7623	5246570.33
1525	587860.7709	5246568.608
1526	587861.3775	5246573.533
1527	587861.4994	5246577.023
1528	587860.7374	5246582.427
1529	587862.3772	5246589.517
1530	587860.0272	5246589.395
1531	587858.1131	5246600.258
1532	587857.8631	5246581.848
1533	587789.1948	5246705.88
1534	587781.3919	5246703.79
1535	587777.143	5246702.491
1536	587770.9372	5246699.599
1537	587761.2964	5246696.834
1538	587756.6025	5246698.824
1539	587750.2108	5246697.111
1540	587746.8337	5246695.749
1541	587742.9505	5246695.408
1542	587734.5715	5246696.736
1543	587728.4634	5246698.373
1544	587724.3821	5246694.95
1545	587724.3821	5246694.95
1546	587864.8339	5246645.548
1547	587867.7051	5246642.988
1548	587873.7768	5246640.458
1549	587881.2383	5246637.252
1550	587886.1791	5246633.811
1551	587886.6119	5246627.236
1552	587887.4989	5246622.304
1553	587891.6685	5246622.067
1554	587899.3769	5246623.13
1555	587919.2377	5246626.541
1556	587928.2567	5246627.446
1557	587930.4909	5246626.98
1558	587940.0189	5246627.16
1559	587944.3166	5246629.199
1560	587958.8678	5246627.407
1561	587966.4329	5246627.388
1562	587974.0407	5246626.55
1563	587980.6396	5246628.986
1564	587996.6904	5246624.871
1565	587989.8812	5246633.402
1566	587997.8669	5246642.104
1567	587994.7945	5246657.542
1568	587998.7326	5246659.88
1569	587994.5294	5246663.596
1570	587995.7912	5246671.484
1571	587992.5207	5246665.296
1572	587990.4542	5246667.564
1573	587987.9792	5246666.979
1574	587999.9335	5246618.473
1575	587995.648	5246606.985
1576	587996.349	5246602.081
1577	587993.9076	5246598.384
1578	587884.9782	5246621.439
1579	587883.4237	5246620.738
1580	587881.6955	5246619.659
1581	587885.0574	5246626.114
1582	587881.1072	5246625.992
1583	587878.6078	5246625.81
1584	587875.8738	5246628.961
1585	587875.1941	5246632.439
1586	587870.7775	5246635.767
1587	587871.2317	5246643.799
1588	587869.1438	5246646.7
1589	587866.0806	5246649.651
1590	587868.7018	5246652.248
1591	587867.3668	5246659.645
1592	587867.7996	5246658.426
1593	587775.6799	5246608.223
1594	587772.4338	5246610.17
1595	587771.0317	5246607.671
1596	587766.3805	5246607.671
1597	587764.8961	5246604.876
1598	587763.2563	5246605.077
1599	587761.5189	5246603.669
1600	587757.4529	5246603.526
1601	587756.6635	5246605.296
1602	587753.457	5246605.522
1603	587753.9233	5246604.925
1604	587746.6599	5246603.904
1605	587739.7958	5246601.938
1606	587734.4588	5246601.938
1607	587731.1822	5246601.416
1608	587729.201	5246602.855
1609	587722.9008	5246601.285
1610	587718.4385	5246600.971
1611	587718.533	5246602.093
1612	587713.836	5246601.179
1613	587710.6173	5246602.48
1614	587702.4761	5246602.197
1615	587697.8462	5246601.297
1616	587691.3722	5246601.069
1617	587685.4591	5246600.554
1618	587760.6746	5246606.372
1619	587763.2746	5246608.192
1620	587871.1677	5246608.076
1621	587869.156	5246606.369
1622	587868.2263	5246607.787
1623	587866.556	5246607.924
1624	587865.4191	5246606.583
1625	587868.8786	5246604.705
1626	587867.8301	5246603.361
1627	587869.3053	5246603.471
1628	587865.7057	5246603.245
1629	587865.7057	5246603.245
1630	587866.0135	5246600.511
1631	587863.4745	5246599.136
1632	588001.7318	5246597.747
1633	588007.6967	5246591.285
1634	588009.9065	5246587.972
1635	588014.1951	5246586.853
1636	588014.2469	5246583.052
1637	588017.9898	5246580.19
1638	588017.0236	5246574.53
1639	588021.5956	5246571.293
1640	588024.8052	5246566.389
1641	588026.2621	5246563.539
1642	588021.5895	5246555.858
1643	588021.9797	5246550.423
1644	588021.4828	5246547.281
1645	588023.7475	5246544.501
1646	588024.9057	5246540.539
1647	588027.6246	5246536.716
1648	588029.1425	5246529.438
1649	588028.7066	5246522.842
1650	588025.9634	5246516.155
1651	588027.0759	5246508.12
1652	588029.7307	5246498.15
1653	588030.8554	5246496.251
1654	588032.9281	5246490.914
1655	588034.7203	5246486.583
1656	588035.2781	5246480.453
1657	588034.1625	5246473.489
1658	588034.7965	5246464.223
1659	588034.0802	5246458.496
1660	588031.6235	5246452.592
1661	588029.179	5246448.358
1662	588026.8077	5246442.018
1663	588026.9144	5246435.377
1664	588030.1453	5246434.395
1665	588033.559	5246433.557
1666	588041.1455	5246422.88
1667	588044.4678	5246416.391
1668	588047.0647	5246413.757
1669	588060.3418	5246416.098
1670	588062.0029	5246414.586
1671	588073.5732	5246412.773
1672	588086.4784	5246408.679
1673	588089.4319	5246410.801
1674	588092.1141	5246406.357
1675	588094.2996	5246405.342
1676	588096.8904	5246404.357
1677	588103.916	5246403.68
1678	588023.778	5246432.194
1679	588021.2177	5246419.506
1680	588018.6177	5246413.437
1681	588015.8349	5246408.14
1682	588000.7321	5246596.774
1683	587993.6668	5246599.731
1684	588022.062	5246407.594
1685	588027.146	5246404.936
1686	588024.6375	5246403.766
1687	588018.4867	5246403.098
1688	588032.4252	5246405.192
1689	588037.2623	5246403.568
1690	588045.5895	5246402.44
1691	588050.7772	5246400.663
1692	588058.1869	5246398.636
1693	588062.2956	5246397.914
1694	588066.1299	5246396.518
1695	588071.3298	5246392.903
1696	588079.1205	5246391.656
1697	587814.3316	5246977.201
1698	587811.2989	5246977.628
1699	587809.4975	5246978.076
1700	587782.8732	5246457.1
1701	587783.1719	5246455.28
1702	587786.5125	5246443.512
1703	587783.9888	5246443.82
1704	587781.0718	5246443.039
1705	587780.4714	5246441.628
1706	587779.5722	5246441.549
1707	587773.9151	5246440.552
1708	587776.2286	5246438.321
1709	587776.3017	5246434.115
1710	587778.1945	5246432.35
1711	587778.5725	5246430.713
1712	587779.9715	5246430.204
1713	587784.7508	5246428.741
