586848.1156	5247790.831	1381.10366
586846.8507	5247785.04	1381.50295
586846.1161	5247782.148	1381.10366
586846.9879	5247797.04	1382.70386
586845.3419	5247766.56	1380.90554
586848.0303	5247756.828	1380.60379
586836.518	5247791.06	1407.10006
586851.9439	5247740.484	1381.30178
586854.9767	5247734.349	1380.80191
586860.9446	5247731.481	1378.60126
586870.8872	5247726.269	1377.7021
586882.7958	5247727.631	1378.40314
586899.3677	5247725.043	1377.0041
586895.3931	5247718.386	1376.70235
586896.7983	5247710.273	1376.4006
586902.1231	5247712.711	1375.4039
586910.1058	5247710.919	1375.30332
586916.2689	5247716.548	1375.20274
586916.7505	5247715.049	1375.30332
586926.8607	5247716.335	1374.70286
586926.8424	5247723.531	1374.90098
586933.6516	5247724.354	1375.30332
586946.8159	5247721.102	1375.20274
586954.1281	5247713.019	1375.10215
586955.771	5247708.002	1369.90226
586831.4126	5247791.118	1454.99938
586831.4126	5247791.118	1407.70051
586953.5429	5247714.628	1377.20527
586958.1484	5247715.476	1376.80598
586962.0529	5247715.232	1376.90657
586961.6201	5247712.336	1377.20527
586959.7852	5247709.556	1377.30586
586959.9589	5247707.057	1372.2096
586957.7644	5247698.879	1366.20809
586954.4481	5247696.919	1366.00997
586954.8779	5247691.015	1367.30842
586951.6196	5247685.556	1368.11004
586956.7981	5247683.697	1366.40926
586955.9539	5247679.704	1363.00769
586962.9703	5247663.73	1351.01076
586956.4385	5247660.505	1352.30921
586956.4385	5247660.505	1363.10827
586966.8047	5247667.18	1350.71206
586969.4016	5247666.951	1350.81264
586980.3165	5247668.229	1350.51394
586980.8347	5247670.024	1350.1116
586983.0353	5247670.496	1349.91348
586983.9528	5247672.087	1349.8129
586987.7689	5247673.742	1349.91348
586989.6952	5247675.922	1350.01406
586997.0683	5247682.24	1349.01432
587004.9352	5247688.251	1347.91399
587008.1905	5247693.307	1348.71257
587005.112	5247695.042	1348.91374
587004.5298	5247696.551	1348.81315
587004.8925	5247702.144	1350.71206
587002.0945	5247702.174	1345.21346
587001.9207	5247704.375	1345.11593
587005.173	5247706.941	1344.20762
587011.5311	5247712.467	1344.50633
587006.2672	5247706.728	1344.10704
587011.9761	5247716.167	1344.30516
587017.2095	5247710.306	1344.50633
587020.1203	5247720.273	1343.90587
587014.7193	5247702.628	1344.50633
587021.1993	5247727.061	1346.50582
586846.171	5247813.255	1384.80394
586848.6551	5247820.824	1387.50142
586847.7803	5247823.238	1387.602
586848.963	5247830.519	1389.00103
586848.902	5247834.018	1390.99747
586851.0539	5247847.192	1390.79935
586853.1387	5247854.672	1391.29922
586853.7148	5247861.566	1394.9995
586848.8136	5247870.119	1404.69823
586853.2241	5247870.869	1405.09752
586850.554	5247873.399	1411.19657
586850.682	5247875.995	1413.09242
586853.2942	5247885.77	1417.09445
586854.1141	5247887.365	1419.29815
586851.1057	5247886.599	1425.79649
586854.5347	5247898.164	1421.59939
586852.4438	5247889.882	1429.29559
586849.8926	5247885.414	1426.79623
586962.8027	5247720.124	1377.70514
586962.3364	5247723.025	1377.60456
586962.7936	5247727.918	1378.0069
586962.062	5247742.825	1383.80419
586954.3049	5247675.327	1368.80498
586959.1786	5247690.47	1366.00692
586949.1964	5247674.785	1369.60356
586945.4687	5247672.426	1371.20376
586940.9577	5247671.377	1372.80396
586938.4248	5247668.308	1374.40416
586936.6234	5247668.229	1374.90403
586931.9021	5247666.183	1376.90352
586929.8325	5247668.905	1376.90352
586922.3679	5247663.19	1380.30204
586913.0106	5247658.295	1384.30406
586902.7144	5247649.712	1386.70284
586898.2765	5247646.463	1387.50446
586838.2828	5247805.248	1393.80163
586831.5132	5247808.223	1401.29971
586829.98	5247813.941	1405.1981
586823.1525	5247811.619	1399.99822
586819.3882	5247815.066	1399.29718
586819.818	5247817.76	1400.3975
586817.7179	5247817.785	1401.49783
586813.8317	5247819.23	1403.19862
586812.0334	5247818.949	1404.09778
586808.9488	5247820.485	1405.49681
586806.5836	5247823.311	1408.39546
586806.6933	5247824.213	1410.80033
586806.6567	5247830.016	1412.79982
586805.7149	5247834.924	1412.79982
586803.1119	5247843.656	1425.10459
586800.8533	5247847.384	1429.70707
586786.162	5247856.65	1430.5087
586783.6352	5247863.279	1429.71012
586778.8163	5247861.432	1429.31083
586780.6298	5247862.712	1436.80891
586776.6339	5247862.959	1435.70858
586774.8082	5247869.482	1433.90722
586773.0434	5247872.502	1434.0078
586770.8549	5247873.627	1435.70858
586770.4983	5247877.532	1437.2082
586772.0101	5247878.318	1437.90924
586771.9369	5247880.717	1439.21074
586771.4584	5247882.625	1443.70958
586768.9164	5247887.752	1443.41088
586763.6525	5247881.811	1442.20997
586762.29	5247876.331	1442.70984
586757.5931	5247885.688	1445.71212
586753.6642	5247883.231	1443.51146
586750.6528	5247881.866	1443.21276
586749.6957	5247885.478	1449.61051
586746.6325	5247897.709	1453.01208
586744.9073	5247904.232	1454.5117
586751.4452	5247898.956	1453.31078
586739.7104	5247904.79	1453.91124
586748.9063	5247904.083	1455.51144
586743.4138	5247913.647	1457.01106
586742.3774	5247919.155	1459.01054
586739.3355	5247924.087	1460.01029
586733.0719	5247927.056	1459.51042
586729.9965	5247929.592	1459.30925
586727.9299	5247932.719	1459.71158
586724.9703	5247935.849	1459.40983
586722.0686	5247935.883	1458.20892
587014.9387	5247699.495	1342.5678
587014.8747	5247696.008	1344.42708
587016.3408	5247675.251	1344.21372
587018.2794	5247663.117	1345.6097
587021.5956	5247649.962	1345.4695
587025.9329	5247644.686	1341.36384
587029.8038	5247637.782	1341.28459
587028.734	5247632.338	1338.32194
587028.6151	5247625.599	1338.05371
587030.9621	5247618.845	1339.57771
587031.3827	5247612.916	1339.5137
587036.2412	5247610.07	1341.6534
587040.5541	5247606.388	1342.49465
587047.6255	5247606.369	1341.32117
587050.8076	5247606.36	1342.08926
587053.4868	5247607.336	1342.95794
587062.1005	5247607.311	1343.6285
587071.9181	5247608.674	1342.65314
587076.6425	5247609.536	1342.65314
587073.1952	5247613.718	1343.98512
587074.4906	5247620.902	1343.65898
587084.3874	5247629.492	1343.98207
587082.6043	5247640.028	1343.32066
587089.4837	5247646.896	1341.85762
587097.5456	5247658.377	1340.97979
587093.9612	5247666.256	1341.64121
587105.0559	5247676.23	1341.49186
587124.4442	5247685.663	1341.2724
587133.6766	5247689.016	1342.90613
587145.32	5247692.786	1344.50633
587155.5003	5247689.814	1342.89394
587168.3659	5247693.487	1344.168
587173.1726	5247687.416	1342.4215
587182.4385	5247690.778	1342.83907
587192.2622	5247672.52	1337.3923
587202.9028	5247670.213	1336.51142
587214.4121	5247683.898	1337.89217
587225.5068	5247678.641	1337.33134
587225.5068	5247668.134	1335.16116
587230.536	5247663.69	1339.83679
587223.0196	5247656.25	1344.43622
587142.714	5247697.355	1345.1525
587140.4188	5247702.345	1345.43902
587124.4442	5247685.663	1341.2724
587125.5171	5247680.908	1340.41286
587127.0564	5247680.488	1340.30314
587127.4618	5247675.553	1339.60514
587133.0244	5247675.038	1339.215
587138.2852	5247677.918	1339.32168
587142.6042	5247705.429	1345.8383
587141.1564	5247719.947	1344.04608
587094.519	5247672.231	1341.85152
587091.7362	5247675.583	1342.46417
587091.4283	5247678.665	1342.62571
587089.2642	5247682.17	1343.13168
587086.1095	5247686.254	1343.76566
587082.0374	5247682.874	1343.4883
587077.0113	5247684.737	1344.14666
587069.5559	5247688.754	1344.88733
587065.3191	5247691.756	1345.1586
587062.137	5247696.355	1344.86599
587057.7967	5247697.876	1344.78674
587054.3341	5247701.028	1345.19518
587049.4238	5247703.899	1345.5457
587051.0972	5247701.882	1347.38059
587038.4236	5247688.443	1348.34681
587036.2412	5247684.855	1348.41996
587034.6959	5247684.209	1348.71562
587030.4073	5247673.764	1349.11186
587055.6143	5247704.488	1346.11567
587056.3306	5247706.929	1346.65517
587058.1746	5247708.459	1346.65517
587058.8696	5247713.208	1346.74051
587059.3329	5247716.369	1346.96302
587059.6377	5247723.903	1347.88961
587059.6011	5247727.028	1348.27366
587061.1373	5247730.277	1348.46263
587061.1617	5247734.742	1349.01127
587062.1767	5247737.808	1349.69707
587063.7555	5247739.482	1349.69707
587065.5142	5247742.155	1349.8068
587066.77	5247745.736	1350.00797
587068.9188	5247748.016	1350.33715
587064.5053	5247749.308	1350.33715
587062.1279	5247748.988	1350.33715
587061.1434	5247748.492	1350.33715
587059.3816	5247747.275	1351.62341
587055.0596	5247747.678	1354.66226
587049.881	5247752.39	1354.66226
587045.5803	5247757.395	1354.66226
587043.5229	5247759.141	1354.75675
587038.5028	5247759.696	1355.46694
587216.4085	5247651.778	1344.91476
587212.6107	5247647.834	1344.47585
587213.3666	5247639.791	1345.25004
587212.8515	5247634.624	1344.82942
587210.3186	5247632.119	1342.60438
587205.8167	5247626.818	1345.41463
587215.7654	5247635.984	1343.88758
587216.9571	5247631.049	1342.8665
587224.4461	5247632.774	1342.82688
587226.3541	5247636.859	1342.95794
587231.1913	5247639.013	1342.93051
587229.6033	5247638.12	1341.86676
587229.7923	5247643.211	1342.37273
587229.7892	5247643.217	1341.16572
587233.8461	5247646.621	1341.32422
587225.6561	5247647.112	1345.89622
587230.856	5247653.833	1347.30134
587234.6386	5247648.563	1343.31456
587237.0313	5247654.421	1340.73595
587239.7257	5247651.294	1339.65086
587244.1788	5247651.391	1336.68211
587245.203	5247654.58	1335.024
587245.0902	5247654.741	1316.43425
587259.2664	5247655.037	1319.84191
587252.4602	5247650.776	1318.3423
587253.3594	5247635.463	1318.99762
587253.335	5247635.496	1315.05655
587253.2984	5247632.433	1314.80966
587254.856	5247628.861	1314.0751
587254.5512	5247624.154	1312.83761
587254.4933	5247619.96	1308.68014
587254.4414	5247620.034	1300.25546
587258.6782	5247618.744	1300.75838
587262.6802	5247617.394	1293.8059
587262.4607	5247617.711	1257.03787
587275.5976	5247616.361	1256.90376
587274.9453	5247624.331	1257.18113
587290.798	5247626.879	1257.54689
587286.6527	5247616.016	1252.05134
587291.9959	5247609.353	1249.80802
587290.9382	5247600.386	1249.55503
587294.0776	5247596.326	1247.4001
587295.8546	5247597.408	1247.08615
587297.7779	5247596.055	1246.72954
587302.164	5247597.591	1245.16286
587308.4398	5247598.387	1243.74554
587308.4642	5247594.558	1244.25151
587311.7499	5247593.985	1243.24872
587313.8835	5247587.966	1243.97719
587319.7327	5247589.895	1243.37369
587321.406	5247583.415	1242.5934
587316.9955	5247570.47	1244.38562
587314.7949	5247565.49	1243.16338
587312.2894	5247562.624	1239.15221
587309.4335	5247556.986	1238.30791
587315.7703	5247554.556	1237.39656
587320.7537	5247555.102	1235.70492
587319.943	5247552.965	1235.75978
587321.217	5247550.18	1235.56776
587322.7898	5247550.436	1235.57995
587322.0827	5247547.04	1235.29954
587324.9234	5247546.598	1235.16847
587325.9811	5247545.068	1234.88501
587328.008	5247544.035	1234.69908
587328.4316	5247539.542	1234.01328
587332.0405	5247539.807	1233.72067
587332.2416	5247537.168	1233.31834
587334.488	5247536.396	1233.16898
587333.9241	5247533.111	1232.60206
587333.8998	5247533.144	1236.46387
587336.0608	5247532.809	1237.81414
587335.3994	5247530.474	1238.30791
587338.0755	5247526.606	1237.59163
587337.3166	5247525.558	1237.488
587338.7004	5247523.894	1236.75343
587335.8169	5247522.336	1230.26424
587332.6775	5247521.565	1226.38414
587332.6379	5247521.626	1219.51394
587335.1586	5247514.509	1217.81011
587339.5599	5247518.782	1220.83373
587342.4616	5247526.78	1219.12685
587338.1121	5247531.376	1218.92568
587329.9922	5247531.044	1221.59268
587342.4768	5247511.254	1215.09739
587349.2373	5247507.181	1214.32015
587359.5761	5247498.455	1213.22287
587364.5504	5247509.224	1213.104
587379.9489	5247507.916	1210.19926
587384.5575	5247503.106	1209.18122
587393.4241	5247499.159	1208.73926
587389.0747	5247493.959	1208.55029
587391.7599	5247488.345	1208.81546
587394.9238	5247484.803	1208.93434
587393.3297	5247478.771	1207.64808
587404.2994	5247468.103	1208.57162
587404.8724	5247460.602	1208.7606
587417.1406	5247456.143	1207.70294
587420.0149	5247460.135	1207.56883
587426.2145	5247457.758	1207.6176
587425.1233	5247444.53	1208.18148
587420.2069	5247445.295	1210.97345
587416.7901	5247428.89	1209.91579
587420.5361	5247422.307	1210.64426
587425.3977	5247421.725	1208.39179
587431.131	5247431.749	1208.0748
587438.248	5247440.945	1207.55054
587446.2003	5247438.827	1207.75781
587456.6762	5247440.72	1206.14542
587406.5184	5247469.917	1208.9953
587405.0005	5247477.366	1210.54063
587399.7244	5247474.781	1212.04939
587397.5054	5247481.014	1211.39712
587396.4051	5247484.105	1210.21754
587295.7815	5247622.329	1256.87633
587299.0215	5247623.237	1256.40389
587298.2686	5247623.947	1257.99494
587304.2854	5247626.84	1260.10111
587309.9486	5247630.001	1261.47881
587314.5541	5247633.186	1263.62765
587306.0532	5247626.578	1256.83975
587308.1076	5247627.312	1256.25454
587315.0692	5247630.808	1256.66297
587318.1904	5247632.412	1257.47374
587322.4667	5247634.652	1258.76914
587325.9993	5247635.709	1260.18341
587456.6701	5247440.729	1204.93231
587462.2084	5247450.412	1202.71946
587463.6318	5247453.546	1197.96763
587464.409	5247458.008	1197.81828
587473.4555	5247459.642	1198.82717
587478.1707	5247467.88	1197.0258
587480.9597	5247472.773	1200.25973
587482.508	5247477.104	1204.39282
587438.3334	5247446.2	1212.1835
587446.6057	5247464.046	1212.71995
587450.2175	5247467.435	1211.98538
587459.6359	5247476.119	1208.79108
587469.5723	5247481.779	1205.51143
587473.2909	5247486.482	1205.30417
587473.2909	5247486.482	1208.20282
587473.7755	5247488.256	1210.31508
587475.4763	5247494.453	1217.97775
587421.1	5247451.369	1212.05854
587417.7746	5247455.234	1212.91198
587416.6194	5247455.829	1212.59803
587416.8998	5247455.853	1207.95288
587482.508	5247477.104	1204.39282
587483.5779	5247476.128	1206.90437
587479.6521	5247465.534	1206.90437
587480.9658	5247461.413	1205.66383
587485.4463	5247457.609	1205.14872
587485.9706	5247453.14	1205.06947
587489.2655	5247449.166	1203.8777
587489.9726	5247443.911	1203.8777
587497.4493	5247441.29	1202.19521
587500.9149	5247435.206	1202.19521
587511.2172	5247430.329	1201.99404
587511.0739	5247426.842	1201.7502
587512.4607	5247421.139	1201.1345
587512.4607	5247421.139	1203.03341
587513.3782	5247416.278	1202.85967
587512.6406	5247409.636	1203.32906
587512.6406	5247409.636	1182.02964
587512.6406	5247409.636	1174.6291
587502.8321	5247397.228	1178.57016
587499.0892	5247388.12	1174.39135
587504.1123	5247383.701	1174.74187
587512.6101	5247376.23	1173.35198
587516.8773	5247371.914	1171.02331
587521.3731	5247368.958	1170.55087
587527.0119	5247364.809	1170.42895
587523.4854	5247355.775	1170.42895
587525.305	5247353.142	1170.42895
587533.623	5247353.907	1166.59457
587536.0888	5247350.941	1165.28393
587543.4985	5247351.746	1164.81758
587546.9184	5247346.192	1164.97913
587547.4701	5247340.325	1164.91817
587553.2613	5247337.618	1164.85111
587554.8523	5247333.589	1164.34819
587551.972	5247330.602	1163.7203
587551.8927	5247323.859	1163.6502
587552.5663	5247315.017	1162.61998
587557.2663	5247309.933	1162.30298
587560.7807	5247305.995	1160.91614
587567.2272	5247306.129	1160.39798
587567.2211	5247316.922	1160.28826
587567.3278	5247323.07	1160.43761
587566.9834	5247327.029	1159.70304
587020.3185	5247718.283	1343.90587
587016.3012	5247720.185	1356.12226
587013.5519	5247722.516	1358.646
587012.4912	5247724.83	1360.23706
587011.1806	5247724.022	1364.46463
587006.9347	5247723.297	1375.12654
587006.7793	5247725.199	1378.17758
587005.6302	5247726.586	1378.17758
587003.9751	5247726.421	1380.30814
587001.8659	5247728.555	1381.90224
587002.9205	5247732.16	1388.9675
587005.1425	5247735.958	1388.9675
587003.0394	5247739.119	1390.98528
587001.1405	5247739.57	1393.3932
587004.0086	5247739.149	1394.74651
587008.1905	5247693.307	1354.71103
587008.9129	5247689.479	1357.33841
587011.464	5247684.511	1357.72855
587011.5037	5247681.115	1357.84742
587008.9891	5247678.54	1357.91143
587012.8478	5247670.856	1357.91143
587014.4694	5247666.555	1357.74989
587014.6858	5247663.163	1357.74989
587015.1125	5247658.88	1356.83549
586953.8751	5247675.361	1367.4913
586950.2907	5247670.484	1369.57613
586946.2368	5247667.357	1370.94773
586941.5246	5247665.092	1372.95636
586937.9249	5247663.803	1374.12374
586935.4134	5247664.263	1375.00462
586930.311	5247662.337	1376.36402
586925.2849	5247658.17	1377.86974
586921.8193	5247655.086	1378.93958
586919.8655	5247653.22	1379.51566
586853.1021	5247893.476	1432.25215
586853.1021	5247893.476	1433.45306
586852.3981	5247896.179	1435.55923
586852.3981	5247896.179	1432.75812
586854.3732	5247897.301	1428.30499
586856.4915	5247903.741	1432.75812
586855.8758	5247913.516	1440.68597
586862.3528	5247919.899	1448.04994
586863.6208	5247931.176	1456.91657
586863.5233	5247940.641	1463.79286
586862.1181	5247947.483	1465.53631
586858.8385	5247958.493	1463.92087
586858.5642	5247964.552	1467.42302
586858.3417	5247966.475	1470.91908
586857.5766	5247967.944	1472.51928
586858.1344	5247969.974	1475.31125
586856.4702	5247978.1	1475.60081
586856.1501	5247982.072	1475.95133
586855.5741	5247985.891	1474.91501
586854.8547	5247990.637	1474.91501
586853.6264	5247996.138	1476.96631
586853.9434	5248000.244	1480.30387
586853.791	5248003.637	1480.48066
586858.3417	5247966.475	1479.21878
586858.3417	5247966.475	1489.11869
586858.3112	5247969.502	1495.32137
586858.3112	5247969.502	1503.32237
586858.3112	5247969.502	1523.32334
586845.9759	5247738.82	1385.27638
586844.6531	5247742.755	1385.34953
586843.0895	5247752.009	1385.84026
586843.126	5247757.108	1385.9317
586841.41	5247763.259	1385.48364
586840.4621	5247759.001	1386.86743
586838.4382	5247761.939	1393.57608
586838.1669	5247763.25	1394.62459
586837.3013	5247768.377	1394.62459
587566.9895	5247332.071	1159.65122
587571.1286	5247332.513	1159.97431
587574.6003	5247336.009	1159.05382
587579.0565	5247343.19	1157.7767
587587.4202	5247344.537	1156.4874
587590.389	5247353.73	1156.38377
587590.8523	5247358.14	1156.335
587594.1776	5247362.13	1155.82598
587599.7951	5247360.935	1154.2075
587600.0907	5247362.325	1153.67714
587602.0049	5247371.387	1153.41806
587606.5677	5247362.609	1153.30834
587599.3927	5247386.868	1153.41806
587567.1266	5247329.855	1162.21459
587330.5195	5247528.033	1238.97847
587328.7486	5247528.764	1240.58477
587326.7217	5247529.285	1241.26447
587327.1362	5247528.118	1241.43821
587324.9082	5247529.13	1241.56622
587323.5701	5247530.749	1241.56622
587320.0344	5247532.745	1242.13925
587309.0433	5247533.019	1242.5233
587308.0314	5247529.349	1244.54412
587305.8612	5247526.804	1245.13543
587305.2821	5247523.939	1245.80904
587300.7649	5247524.528	1246.44912
587300.0029	5247526.564	1246.1047
587298.3631	5247525.814	1246.1047
587296.894	5247522.574	1247.12578
587295.3852	5247523.689	1247.42448
587294.3428	5247521.763	1248.13466
587294.2819	5247519.312	1248.61015
587292.0202	5247518.371	1248.6955
587290.5054	5247517.404	1248.82351
587288.1554	5247518.188	1249.17098
587288.1401	5247515.999	1249.39958
587285.8907	5247517.167	1249.9848
587282.5714	5247514.518	1250.65841
587281.2577	5247509.757	1251.4387
587277.972	5247508.964	1252.347
587276.9753	5247505.097	1253.2675
587277.2649	5247503.99	1254.16056
587270.099	5247502.652	1255.44682
587265.1674	5247503.384	1260.4303
587258.0198	5247502.308	1261.44833
587265.1674	5247503.384	1264.3805
587270.1386	5247503.347	1263.8593
587260.1869	5247500.323	1265.73077
587257.8613	5247500.342	1266.30989
587255.9715	5247498.836	1268.40996
587255.9472	5247495.684	1268.96774
587252.9571	5247496.919	1270.75997
587249.6012	5247497.416	1270.93675
587253.2375	5247497.388	1268.83668
587252.8717	5247500.137	1268.44958
587252.8717	5247500.137	1263.45086
587243.2949	5247498.464	1273.26542
587240.2164	5247500.497	1273.52146
587231.5753	5247499.5	1273.67386
587233.3676	5247499.83	1278.34034
587221.9802	5247499.574	1274.00914
587216.2683	5247499.116	1274.91744
587207.7034	5247499.18	1275.66725
587203.9513	5247497.845	1276.01472
587203.9513	5247497.845	1289.11502
587198.1784	5247493.563	1293.26335
587193.646	5247494.986	1295.37866
587190.4944	5247494.051	1296.84475
587186.8764	5247490.487	1298.69184
587185.8249	5247490.625	1302.65119
587183.2036	5247488.75	1304.66592
587179.9087	5247488.253	1306.58921
587176.7388	5247492.088	1307.92423
587173.5109	5247495.364	1315.88866
587172.4045	5247497.032	1315.88866
587168.4421	5247496.001	1316.98594
587162.4741	5247497.873	1319.38776
587162.4741	5247497.873	1334.38697
587411.8615	5247419.052	1217.62418
587411.6481	5247417.412	1223.391
587412.4955	5247410.045	1226.09153
587413.9402	5247402.982	1230.59647
587416.3482	5247399.733	1228.62442
587415.9946	5247397.35	1236.0402
587415.7203	5247394.463	1238.93885
587417.3174	5247398.215	1227.3595
587420.7098	5247397.712	1228.60918
587423.6755	5247393.406	1228.15198
587426.2054	5247387.316	1227.92033
587429.8173	5247383.518	1229.22792
587429.9483	5247378.72	1229.22792
587435.5597	5247379.168	1234.47962
587431.1096	5247376.172	1229.97773
587431.0578	5247369.281	1230.34044
587433.7522	5247367.568	1232.74531
587432.1978	5247361.054	1232.62949
587431.7436	5247357.586	1232.75141
587434.1576	5247353.327	1235.03436
587436.9587	5247350.487	1236.89364
587438.3821	5247343.519	1238.53651
587438.5498	5247337.38	1239.3991
587439.6654	5247333.854	1239.52711
587445.1792	5247329.48	1237.24111
587454.9846	5247329.062	1231.34323
587462.2358	5247332.528	1227.06994
587462.2358	5247332.528	1222.57109
587465.8202	5247331.537	1221.57439
587467.6765	5247330.218	1221.25435
587470.6422	5247329.669	1217.39254
587474.3943	5247331.464	1214.99071
587475.7506	5247333.683	1212.64985
587476.4578	5247335.174	1209.79082
587475.7232	5247333.869	1209.84569
587477.9421	5247330.873	1199.60136
587480.9048	5247329.885	1198.52846
587481.8893	5247330.565	1197.05018
587484.0168	5247326.813	1193.80102
587487.2172	5247327.124	1190.10074
587488.5035	5247324.024	1188.31766
587492.9048	5247326.624	1185.3672
587497.0501	5247327.7	1182.79164
587501.558	5247330.05	1181.89553
587506.3739	5247330.864	1178.9603
587510.9337	5247335.353	1176.3756
587513.3904	5247338.804	1175.62884
587516.7554	5247339.675	1174.69615
587521.3213	5247342.824	1173.00146
587523.589	5247346.53	1171.83713
587564.9656	5247328.309	1164.66823
587558.4307	5247325.786	1167.70404
587553.0723	5247328.599	1168.17953
587552.3225	5247329.641	1165.58263
587572.8599	5247333.991	1162.46453
587581.1596	5247342.629	1163.38807
587583.8906	5247351.057	1163.29968
587590.3402	5247359.661	1161.87322
587596.0339	5247360.883	1161.8153
587599.9963	5247373.877	1161.91284
587601.0722	5247375.669	1160.40408
587599.0483	5247383.466	1156.98422
587599.2739	5247388.745	1152.39089
587589.6635	5247359.817	1161.288
587590.8644	5247366.55	1161.00149
587595.1713	5247368.561	1159.41958
587596.2076	5247374.365	1160.09623
587598.7466	5247377.617	1159.48968
587572.7136	5247329.864	1164.40915
587577.2978	5247318.946	1164.4884
587579.3613	5247313.21	1163.78736
587581.5711	5247302.676	1163.85746
587573.2043	5247304.797	1163.61362
587569.373	5247306.446	1160.11452
587601.188	5247372.536	1162.14754
587603.1479	5247371.362	1166.48789
587606.5281	5247373.106	1169.10612
587615.73	5247361.152	1166.80488
587617.5924	5247365.309	1156.10335
587611.6731	5247357.104	1152.94258
587608.1161	5247358.198	1151.61974
587617.6228	5247363.572	1153.64666
587625.0996	5247362.252	1153.4333
587633.7102	5247369.522	1151.5344
587636.5387	5247374.651	1150.55294
587640.8516	5247387.212	1150.18718
587643.5918	5247393.384	1151.18388
587644.2685	5247406.204	1157.79499
587613.1331	5247368.08	1166.80488
587609.6858	5247374.414	1165.66493
587606.9487	5247384.243	1166.55799
587604.4616	5247389.684	1167.29256
587603.346	5247392.51	1168.70683
587605.5253	5247397.088	1170.9654
587605.5253	5247397.088	1167.765
587603.8306	5247399.136	1173.62326
587600.2462	5247398.337	1174.74797
587595.8906	5247401.672	1175.71418
587598.4936	5247394.296	1177.08883
587592.0806	5247389.882	1178.18306
587593.6564	5247380.525	1179.51809
587594.458	5247375.203	1181.06038
587594.5281	5247372.658	1180.32886
587595.2719	5247367.043	1181.53282
587595.6437	5247364.245	1181.13658
587645.6736	5247402.199	1160.9771
587654.2537	5247400.995	1159.34947
587658.6337	5247405.104	1159.0782
587668.0124	5247398.724	1157.14577
587682.6854	5247402.537	1154.74394
587689.0588	5247403.382	1148.95579
587698.5503	5247388.52	1144.88671
587698.9191	5247380.244	1142.97257
587723.5195	5247380.055	1142.97257
587668.9755	5247392.11	1154.87806
587674.1693	5247393.034	1154.91768
587675.3123	5247393.308	1158.5387
587675.102	5247389.117	1160.28826
587678.8937	5247387.346	1163.4277
587677.9245	5247380.363	1167.6187
587678.0616	5247378.708	1171.57805
587679.6283	5247373.7	1172.55341
587686.8947	5247380.281	1172.11145
587691.5338	5247380.86	1171.06598
587697.069	5247378.723	1169.84069
587701.8025	5247378.894	1169.2067
587624.2644	5247365.782	1157.01775
587618.9548	5247362.709	1157.9352
587552.0786	5247324.006	1166.66467
587552.0847	5247323.984	1163.83003
587707.5053	5247374.99	1167.3901
587708.4289	5247362.011	1166.10689
587707.5419	5247354.827	1165.78075
587709.6907	5247353.995	1163.41246
587700.7083	5247344.095	1163.2753
587702.6925	5247336.237	1162.76323
587710.9282	5247338.127	1161.33372
587717.7679	5247342.916	1161.24838
587713.8817	5247352.294	1161.32153
587710.3003	5247346.485	1162.13839
587722.0626	5247350.971	1160.79727
587725.4672	5247362.721	1161.7391
587735.7816	5247362.154	1161.44954
587749.8451	5247365.907	1160.53514
587758.3307	5247368.494	1159.50797
587763.2868	5247369.098	1157.91996
587768.9469	5247369.381	1157.26464
587796.0192	5247349.545	1151.55878
587799.1556	5247349.822	1148.85826
587796.7751	5247337.667	1148.73024
587804.0477	5247336.49	1149.1722
587808.2996	5247333.467	1148.56565
587818.0563	5247334.82	1148.46202
587822.2838	5247337.265	1149.45262
587833.4761	5247336.451	1149.53491
587845.7443	5247340.666	1152.40308
587858.7958	5247349.804	1155.33526
587864.3889	5247349.396	1154.78357
587874.2401	5247347.079	1154.67689
587888.0871	5247343.044	1153.25652
587893.5796	5247344.305	1151.89102
587899.5781	5247336.17	1151.25094
587902.6992	5247335.664	1150.11708
587908.6459	5247334.707	1147.21843
587906.7592	5247345.238	1147.70002
587908.5209	5247327.91	1142.84455
587910.7307	5247321.564	1141.45466
587915.4399	5247314.932	1140.7963
587602.7455	5247366.413	1163.8087
587601.1393	5247354.815	1164.13788
587605.376	5247354.577	1163.50999
587607.1712	5247351.956	1162.5072
587609.0488	5247349.838	1161.98294
587612.4108	5247344.744	1161.18437
587614.6358	5247338.06	1160.81556
587610.0729	5247340.553	1161.26971
587608.235	5247344.622	1160.72107
587619.3145	5247336.332	1159.98346
587619.6711	5247344.781	1160.21815
587621.8565	5247350.703	1157.24635
587622.6216	5247355.376	1154.15568
587773.8938	5247369.028	1154.87806
587780.0843	5247372.597	1154.30503
587782.4251	5247370.21	1154.2715
587774.8722	5247365.361	1158.13942
587771.1628	5247366.742	1159.15745
587785.4488	5247367.812	1154.36599
587785.8115	5247357.653	1153.54608
587711.0197	5247358.448	1162.4249
587713.199	5247366.227	1157.75842
587716.8322	5247371.119	1152.27202
587717.0516	5247375.864	1150.15975
587717.0516	5247375.864	1141.15901
587703.7014	5247381.473	1169.95956
587696.7123	5247384.158	1171.30982
587693.0425	5247385.953	1172.50464
587689.8117	5247380.967	1172.10535
587717.1096	5247381.064	1141.15901
587717.1096	5247381.064	1141.15901
587320.3514	5247587.493	1247.84206
587323.2561	5247588.447	1251.24058
587327.4807	5247587.801	1251.77093
587328.3433	5247592.361	1251.94162
587319.9826	5247594.223	1252.56036
587317.0382	5247595.506	1251.32897
587911.8219	5247315.645	1140.50064
587913.9646	5247309.458	1139.38507
587916.6926	5247302.74	1136.78208
587916.0342	5247295.425	1135.40134
587911.4287	5247295.123	1134.95328
587908.2131	5247283.321	1130.08562
587901.4252	5247282.76	1128.94262
587900.3675	5247275.445	1124.89183
587906.5885	5247261.564	1118.19233
587904.6591	5247257.498	1115.19614
587901.0259	5247246.471	1111.94088
587887.3525	5247233.428	1108.40825
587874.112	5247216.676	1106.31427
587872.7557	5247207.188	1106.21674
587865.2302	5247193.774	1106.05824
587867.3119	5247180.619	1103.3059
587872.2345	5247171.898	1098.24012
587876.8095	5247165.915	1096.5241
587886.81	5247157.92	1093.13167
587893.8936	5247157.817	1091.2541
587899.6817	5247159.063	1091.16266
587875.9835	5247167.881	1101.50758
587873.9901	5247157.786	1101.58378
587874.7704	5247151.394	1100.4865
587880.1837	5247142.808	1096.84109
587888.0414	5247122.469	1093.90891
587894.8019	5247112.907	1090.83348
587891.4765	5247101.465	1090.91882
587882.7592	5247090.434	1091.76312
587882.0033	5247084.04	1090.85786
587882.5946	5247078.639	1088.08723
587880.4336	5247073.481	1087.79462
587886.9533	5247072.006	1084.39001
587887.1453	5247067.136	1082.89954
587886.0907	5247060.284	1081.92418
587884.4234	5247054.736	1081.62242
587883.8382	5247049.789	1081.18656
587877.4557	5247080.595	1096.17967
587870.1222	5247082.055	1101.87029
586844.4733	5247745.733	1397.37389
586842.105	5247745.261	1399.62331
586840.328	5247743.81	1402.89991
586841.852	5247742.133	1405.69798
586839.057	5247741.045	1405.5913
586838.3102	5247740.756	1409.71524
586840.8004	5247741.109	1406.38073
586844.7476	5247741.265	1407.00557
586962.632	5247746.538	1389.59234
586961.9218	5247752.122	1390.99442
586960.7118	5247752.899	1390.99442
586961.236	5247755.222	1390.99442
586959.5993	5247761.214	1392.31421
586960.6234	5247764.408	1390.53113
586959.9163	5247772.08	1391.75033
586959.837	5247772.949	1401.71119
586964.598	5247761.15	1392.31421
586964.598	5247761.15	1407.31342
586846.3295	5247783.656	1381.83823
586843.6747	5247769.422	1386.61445
586842.5987	5247765.332	1387.28501
586846.8659	5247752.972	1391.94845
586844.8603	5247747.108	1394.3076
586848.4539	5247742.786	1389.25706
586846.6495	5247744.166	1384.20958
586848.6886	5247741.49	1387.34597
586846.1984	5247737.766	1399.01371
586842.1141	5247740.192	1391.35104
586841.1448	5247738.893	1404.54888
586838.2157	5247739.448	1408.80998
586836.8807	5247739.351	1410.29436
586835.1433	5247736.428	1412.5895
586833.2109	5247736.044	1431.31642
586727.1313	5247904.951	1452.16778
586719.0511	5247909.758	1450.79618
586716.5121	5247917.028	1450.79618
586711.3275	5247921.49	1450.79618
586704.3963	5247921.578	1449.82082
587878.3549	5247212.601	1105.26271
587885.6182	5247213.409	1103.68994
587893.3602	5247214.552	1102.8487
587896.5484	5247213.531	1101.87943
587898.0297	5247211.422	1101.60206
587901.0838	5247212.62	1101.30946
587905.3449	5247211.257	1101.06562
587908.5148	5247215.104	1100.87969
587914.943	5247215.031	1100.07806
587921.1518	5247210.55	1097.85607
587926.3761	5247205.164	1095.82306
587927.7965	5247191.683	1092.4093
587922.7551	5247190.32	1093.41209
587915.638	5247182.615	1093.41209
587912.0627	5247179.134	1093.32674
587913.416	5247176.623	1092.3971
587913.0228	5247174.34	1091.21753
587917.3693	5247170.975	1090.15073
587922.0601	5247188.016	1092.72324
587925.099	5247184.291	1091.34554
587923.6542	5247182.286	1090.9554
587924.5077	5247181.408	1090.51039
587922.4655	5247177.177	1090.2635
587925.8732	5247173.672	1089.22414
587929.7137	5247172.365	1088.136
587931.7771	5247173.715	1087.74586
587935.9956	5247172.029	1085.90791
587935.6908	5247169.021	1083.94805
587935.4073	5247166.945	1083.76212
587937.7695	5247168.875	1083.22567
587937.483	5247166.476	1082.79895
587937.4403	5247163.3	1081.57975
587939.5831	5247165.388	1081.4243
587941.9666	5247164.803	1080.94577
587945.0847	5247159.655	1079.44615
587950.4522	5247158.63	1078.87008
587952.7169	5247148.993	1076.40425
587958.9043	5247145.003	1074.97169
587958.8281	5247139.062	1074.13654
587967.6734	5247140.19	1072.88381
587968.0392	5247133.78	1071.86882
587972.5289	5247131.317	1070.49418
587977.6404	5247130.531	1069.95163
587984.6051	5247126.715	1068.97627
587997.0013	5247126.12	1067.45227
588000.1316	5247124.362	1066.33061
587980.8804	5247108.28	1067.27549
587973.8091	5247093.193	1064.79442
587980.6457	5247084.713	1062.33163
587992.6061	5247090.59	1060.71619
587999.6805	5247094.22	1060.1767
587995.9162	5247078.828	1057.94861
588005.0968	5247073.795	1056.2905
588011.0404	5247076.106	1055.73271
588000.0158	5247140.623	1070.87213
588001.7013	5247154.845	1073.13984
587993.0694	5247165.406	1076.28842
587996.8093	5247167.86	1076.76086
587993.7643	5247178.302	1082.06438
587996.9617	5247192.433	1085.94754
587994.2246	5247201.814	1089.50455
588000.8418	5247171.929	1077.66612
588003.4966	5247177.437	1079.19317
588003.3899	5247180.152	1080.45809
588001.2258	5247178.186	1083.18605
587985.3397	5247160.337	1075.31916
587977.9056	5247155.275	1075.00522
587975.0313	5247151.559	1074.84062
587970.0692	5247150.389	1074.92902
587881.5553	5247238.421	1110.74911
587882.0155	5247242.316	1112.25178
587877.5471	5247250.985	1115.23577
587875.3739	5247252.384	1115.50704
587876.587	5247257.754	1116.98227
587873.2312	5247262.168	1117.75951
587874.6607	5247266.386	1120.03027
587876.8857	5247277.094	1123.58424
587871.7255	5247278.261	1123.86161
587861.9688	5247280.465	1123.86161
587871.2743	5247083.016	1101.85505
587866.7938	5247079.337	1117.65588
587868.4732	5247070.616	1116.77806
587866.361	5247063.847	1118.22281
587864.9863	5247059.235	1124.36758
587858.8659	5247039.621	1127.80267
587857.1347	5247033.714	1129.99114
587854.0501	5247018.258	1131.78031
587850.8863	5247017.557	1133.75542
587843.3181	5247014.765	1143.20422
587841.5259	5247009.379	1146.99288
587840.8675	5247000.479	1147.05689
587836.4449	5246993.798	1152.18972
587842.2361	5246974.806	1144.26187
587844.1807	5246955.896	1143.39624
587846.3752	5246950.729	1142.13132
587849.5391	5246940.979	1145.99618
587853.7575	5246934.761	1146.18516
587862.9777	5246933.066	1145.09398
587863.9805	5246918.158	1145.73101
587861.4903	5246902.894	1143.65532
587858.5276	5246890.352	1142.84455
587856.7171	5246879.26	1144.72517
587856.522	5246869.945	1144.51486
587854.5591	5246851.995	1144.2954
587850.5114	5246843.458	1144.19786
587847.3475	5246831.918	1147.75488
587841.1113	5246828.815	1152.01598
587844.4276	5246809.817	1150.79678
587833.2445	5246799.579	1158.6972
587822.0431	5246787.765	1165.10714
587819.1962	5246773.485	1167.5425
587826.9686	5246754.271	1162.48586
587821.3664	5246742.984	1165.27783
587015.335	5247657.116	1357.1159
587014.9418	5247653.848	1357.40546
587015.8501	5247651.623	1356.93607
587016.0665	5247650.12	1357.58225
587015.783	5247648.773	1358.81974
587015.7587	5247647.155	1359.71585
587017.0388	5247641.217	1360.24925
587015.4356	5247637.749	1364.2025
587012.7686	5247637.319	1367.42119
587019.6388	5247636.916	1358.90203
587020.5715	5247634.07	1359.00566
587022.5313	5247634.317	1358.69477
587820.2691	5246737.735	1165.21992
587822.7959	5246732.989	1163.44903
587822.2168	5246725.287	1162.41271
587818.2879	5246722.05	1163.82089
587814.9382	5246716.78	1165.03094
587815.9074	5246705.24	1162.2085
587819.9978	5246696.045	1160.49247
587824.8472	5246697.791	1157.19758
587828.5292	5246688.662	1152.54938
587832.5373	5246676.272	1150.33044
587837.2709	5246663.916	1147.71526
587836.771	5246657.24	1147.76402
587837.1398	5246649.718	1147.68478
587833.3908	5246635.581	1148.30657
587830.0471	5246617.217	1149.76046
587923.325	5247299.902	1137.85498
587931.7101	5247308.019	1142.33249
587931.4845	5247320.342	1147.06298
587932.7495	5247328.383	1151.03453
587935.0263	5247329.782	1151.40943
587938.0347	5247332.796	1152.63168
587946.6666	5247336.207	1153.85393
587949.6781	5247336.42	1154.2776
587955.8624	5247331.94	1152.58596
587959.8035	5247334.128	1152.8999
587964.3755	5247335.024	1153.51255
587973.3214	5247339.791	1156.80744
587977.3935	5247341.782	1157.8529
587975.4641	5247347.366	1158.89532
587979.2437	5247348.673	1158.89532
587953.1802	5247140.995	1075.4045
587947.6969	5247139.617	1075.89828
587941.0766	5247146.326	1077.81547
587941.1497	5247150.888	1078.70549
587926.8912	5247151.733	1080.96406
587922.0937	5247149.785	1082.74409
587917.0614	5247145.847	1083.52742
587914.0622	5247144.506	1084.8533
587909.859	5247147.776	1086.48094
587903.7782	5247150.343	1088.12686
587901.3185	5247154.942	1089.04735
587907.323	5247162.928	1089.04735
587909.0604	5247171.158	1090.22998
587912.2303	5247176.242	1090.22998
587985.4768	5247342.285	1157.8529
587987.6226	5247337.892	1156.81354
587990.8169	5247338.063	1157.09395
587992.3348	5247343.748	1159.2367
587996.8398	5247345.668	1160.23339
588002.5639	5247348.466	1162.30298
588010.4978	5247358.284	1167.5303
588010.76	5247366.01	1170.813
588010.2083	5247369.899	1172.56255
588004.5055	5247370.494	1172.86126
588003.7099	5247373.676	1173.92806
588005.3589	5247375.017	1174.49803
588006.7061	5247377.352	1175.81172
588010.3058	5247380.836	1177.93922
588015.1765	5247382.238	1179.29863
588017.2339	5247381.649	1179.25901
588020.9738	5247383.817	1180.83178
588026.8107	5247385.277	1182.33139
588028.5481	5247385.097	1182.60876
588031.5047	5247387.328	1183.26408
588034.2722	5247386.59	1183.71518
588036.8143	5247389.227	1185.19651
588039.8013	5247390.821	1186.29684
588041.3223	5247395.015	1188.18965
588042.4409	5247397.941	1189.3296
588042.0325	5247400.824	1190.3903
588045.6565	5247402.921	1191.74971
588047.2963	5247405.552	1193.33162
588046.4124	5247409.374	1195.32806
588048.5247	5247411.489	1196.72405
588051.9415	5247413.632	1198.35473
588052.8224	5247417.799	1200.33898
588056.2849	5247419.884	1201.81116
588059.4701	5247422.118	1203.22543
588061.3537	5247423.081	1203.83198
588065.1119	5247427.732	1206.6209
588067.4253	5247429.479	1207.97422
588070.2874	5247428.927	1209.03492
588071.3847	5247430.759	1207.94678
588070.388	5247432.127	1207.33109
588069.3517	5247434.825	1207.58102
588068.9311	5247437.785	1208.97701
588068.7329	5247440.031	1209.79692
588067.8947	5247445.292	1206.72149
588082.705	5247447.654	1206.72149
587951.5129	5247161.404	1079.12916
587949.8548	5247164.656	1079.83934
587951.1502	5247167.72	1080.30874
587949.0806	5247171.021	1081.2079
587948.9221	5247172.316	1081.46088
587954.8048	5247181.753	1083.0245
587956.8378	5247192.274	1085.49643
587959.0324	5247198.318	1086.98081
587955.8167	5247202.278	1086.98081
587025.0063	5247636.709	1357.64321
587029.7642	5247636.88	1356.71662
587031.9131	5247633.451	1356.07654
587034.5374	5247632.116	1355.50351
587035.5341	5247628.87	1355.38464
587043.6814	5247633.777	1352.29397
587045.1475	5247640.163	1350.90103
587046.4398	5247645.783	1349.24902
587047.3359	5247649.678	1349.24902
587047.8937	5247652.114	1349.24902
587050.3626	5247652.51	1349.24902
587766.478	5247370.786	1162.16582
587771.8486	5247374.222	1163.46427
587770.9037	5247392.293	1167.31085
587770.5471	5247399.13	1168.76779
587776.3566	5247372.164	1163.16252
587780.9164	5247376.127	1164.5585
587777.5819	5247366.37	1161.5105
587786.9484	5247363.773	1160.23034
587791.1455	5247371.042	1161.86102
587786.6527	5247377.007	1164.72919
587791.9014	5247372.521	1160.41932
587793.526	5247373.984	1161.62938
587793.7698	5247375.715	1162.59864
587793.4101	5247376.562	1162.59864
587794.0075	5247380.339	1163.76907
587794.5409	5247381.226	1164.76882
587795.1414	5247381.805	1165.1041
587794.1782	5247382.875	1165.1041
587785.6286	5247358.616	1158.43812
587788.6156	5247356.394	1157.25854
587799.5031	5247361.618	1161.30934
587810.4424	5247362.691	1162.57121
587824.387	5247363.319	1162.45843
587823.122	5247354.65	1158.80693
587825.2922	5247352.267	1156.12774
587824.1645	5247350.011	1154.25322
587826.2615	5247343.556	1149.19049
587826.612	5247340.127	1146.32232
587835.4055	5247364.096	1165.34794
587837.0087	5247372.344	1168.57577
587845.2109	5247365.83	1165.98497
587855.0316	5247368.104	1168.06066
587863.0173	5247364.334	1167.3779
587866.175	5247359.515	1168.16429
587868.1044	5247352.239	1173.82442
587868.4763	5247350.069	1171.31897
587869.5614	5247346.719	1171.10866
587856.8451	5247374.426	1169.33777
587856.8451	5247378.915	1170.88615
587864.3859	5247390.522	1174.85465
587780.9164	5247376.127	1184.55948
587904.08	5247349.21	1150.74802
587898.9959	5247349.063	1155.83818
587892.2964	5247348.301	1155.54862
587906.8262	5247352.343	1156.69771
587908.021	5247352.184	1159.66037
587908.527	5247350.478	1159.65427
587909.7279	5247355.531	1157.67002
587910.3863	5247348.228	1156.96594
587915.1259	5247343.303	1154.1252
587919.512	5247326.331	1147.39522
587915.513	5247315.057	1142.72873
587920.3319	5247296.36	1134.57533
587923.9651	5247293.846	1127.65637
587926.0682	5247280.401	1124.59008
587927.9153	5247272.348	1119.63403
587926.5346	5247257.093	1115.32111
587928.1409	5247253.484	1114.93097
587929.7746	5247249.811	1113.06559
587927.513	5247243.679	1111.10268
587922.749	5247243.292	1110.71863
587919.9479	5247244.386	1110.8436
587911.7305	5247244.002	1110.75826
587903.382	5247237.324	1110.64548
587901.4099	5247239.238	1111.76714
587918.6067	5247264.036	1117.95763
587912.4742	5247258.562	1117.26574
587909.798	5247266.371	1117.86924
587921.0086	5247299.741	1134.70944
587918.1983	5247304.819	1130.93906
587922.4564	5247306.8	1126.71149
587930.369	5247305.821	1113.44354
587929.6862	5247298.07	1111.50197
587932.2862	5247287.6	1106.92387
587934.944	5247278.88	1104.98534
587934.1576	5247270.001	1104.67445
587935.0416	5247257.233	1104.67445
587934.5021	5247251.143	1106.19845
587944.5025	5247250.96	1106.19845
587838.362	5246614.508	1145.68224
587838.4931	5246618.177	1145.23114
587846.0826	5246622.548	1145.38354
587851.5172	5246626.209	1144.92634
587855.7509	5246625.477	1144.49047
587819.5986	5246618.324	1154.4361
587815.4472	5246617.293	1156.61542
587808.5374	5246618.025	1160.15719
587803.7002	5246612.849	1161.92198
587793.1206	5246607.927	1166.40254
587785.1775	5246606.534	1169.66086
587778.7096	5246605.973	1172.28518
587778.1762	5246609.359	1170.22474
587775.75	5246607.4	1170.94406
587925.5958	5247210.968	1097.43545
587929.4149	5247210.794	1096.37779
587933.3987	5247219.724	1098.81619
587936.0443	5247223.495	1099.46542
587935.9102	5247231.581	1099.88909
587936.8947	5247240.875	1099.56295
587930.2105	5247207.191	1095.6097
587934.0357	5247207.389	1094.86598
587935.898	5247203.189	1094.13751
587940.6712	5247205.938	1094.52461
587948.3766	5247203.722	1093.25359
587948.2485	5247202.269	1093.30541
587951.007	5247198.468	1091.50099
587948.7576	5247197.395	1091.7113
587930.3111	5247207.091	1096.15529
587927.5069	5247204.978	1095.87792
587999.33	5247098.941	1062.18533
588001.3203	5247103.91	1061.9232
588002.3963	5247109.338	1061.56354
588003.8136	5247112.194	1059.98772
588005.0785	5247119.198	1059.28058
588004.1854	5247120.884	1060.44797
587983.0658	5247084.79	1061.60011
587980.3318	5247079.943	1060.87164
587989.8507	5247075.694	1058.46372
587977.0796	5247076.734	1061.07586
587971.9711	5247078.343	1062.92904
587966.7255	5247078.873	1064.26711
587960.7575	5247081.211	1062.05122
587960.2119	5247085.652	1063.69409
587958.9958	5247092.547	1061.11853
587959.8187	5247094.193	1060.31995
587958.0509	5247099.063	1058.33266
587962.2724	5247096.433	1061.70374
587963.266	5247102.276	1065.13579
587961.547	5247106.595	1064.62373
587963.8238	5247110.432	1065.21504
587966.186	5247112.054	1067.1871
587967.7039	5247114.093	1067.08042
587968.0575	5247121.122	1068.12893
587973.4707	5247126.407	1070.09794
587946.5112	5247150.742	1078.7695
587832.391	5246665.629	1149.84886
587832.3819	5246671.661	1150.21462
587837.0118	5246660.56	1146.68198
587852.7303	5246660.526	1138.32437
587859.9937	5246661.788	1133.89562
587865.3917	5246660.529	1130.69522
587867.3089	5246658.466	1128.79327
587867.3089	5246658.466	1128.2934
587867.0254	5246653.275	1128.11357
587864.0811	5246646.707	1128.11357
587808.4825	5246694.246	1166.68906
587824.8045	5246703.972	1154.54278
587831.7631	5246699.407	1156.42644
587833.0311	5246702.893	1156.67028
587840.4042	5246701.577	1153.33577
587848.0486	5246700.208	1149.87934
587823.4512	5246706.423	1154.44524
587814.3042	5246705.646	1159.23365
587809.6377	5246706.389	1163.16252
587809.6377	5246706.389	1163.16252
587809.6377	5246706.389	1163.16252
587809.6377	5246706.389	1163.16252
587848.2559	5246809.875	1147.58419
587851.569	5246836.271	1144.25273
587911.4653	5247117.644	1080.83299
587848.8441	5246977.323	1137.19051
587821.2353	5246977.805	1165.47595
587782.5257	5247375.209	1154.2715
587782.8001	5247380.202	1154.2715
587792.9286	5247384.426	1165.27783
587793.9588	5247386.13	1165.45157
587784.5862	5247397.767	1166.75916
587782.6324	5247398.151	1166.93594
587777.0089	5247405.134	1167.71928
587913.4709	5246477.329	1255.9985
587913.5227	5246477.253	1247.59822
587912.907	5246477.241	1246.06507
587914.3914	5246474.229	1248.26573
587912.8887	5246476.744	1242.32822
587915.4643	5246476.72	1241.27057
587914.9491	5246477.058	1235.86951
587913.6324	5246476.302	1231.49258
587914.0073	5246475.805	1230.21547
587913.6415	5246474.409	1231.15121
587913.0472	5246474.001	1222.41564
587909.8742	5246470.483	1221.51343
587909.5207	5246470.24	1216.2983
587906.8476	5246470.041	1216.89571
587906.8476	5246470.041	1213.59473
587906.5489	5246472.879	1217.76744
587906.5489	5246472.879	1208.58686
587906.5489	5246472.879	1206.98666
587901.4282	5246472.879	1207.68466
587904.2842	5246472.398	1210.82105
587902.9004	5246468.594	1209.81216
587911.7975	5246481.124	1230.05088
587908.8592	5246484.745	1228.29218
587907.8625	5246486.552	1224.19262
587906.7866	5246485.397	1221.76337
587906.7866	5246485.397	1215.53326
587905.3297	5246482.121	1215.34428
587906.0337	5246483.325	1210.5833
587908.7434	5246479.457	1207.3951
587907.9723	5246477.838	1223.90916
587902.5042	5246490.558	1221.39761
587901.1539	5246492.49	1219.69378
587900.5321	5246494.233	1215.67042
587899.3038	5246495.498	1214.9328
587897.7767	5246501.283	1214.57314
587897.1488	5246504.06	1215.70699
587895.064	5246510.961	1216.29221
587892.9578	5246514.472	1212.98513
587887.4196	5246523.351	1203.89904
587884.2771	5246527.085	1201.7563
587884.2771	5246532.809	1204.7982
587880.0678	5246540.405	1204.03925
587877.8093	5246545.038	1200.43042
587877.4252	5246550.493	1200.5249
587882.4971	5246526.353	1197.83047
587878.3	5246532.126	1194.07229
587877.093	5246535.881	1194.32222
587875.0021	5246535.808	1190.5427
587872.8898	5246540.819	1186.46143
587871.2439	5246546.644	1185.55618
587869.281	5246553.599	1179.92957
587869.6406	5246558.284	1180.31057
587870.1649	5246561.137	1180.49345
587868.8116	5246569.025	1178.56406
587868.077	5246571.067	1179.9631
587868.0496	5246574.085	1176.36341
587866.2238	5246577.133	1174.07131
587866.0165	5246579.672	1173.31236
587864.4986	5246584.701	1170.8953
587862.6241	5246592.352	1168.08199
587862.6577	5246596.582	1171.48051
587859.9419	5246610.914	1164.13483
587854.5256	5246610.448	1156.39291
587854.0349	5246615.388	1154.00328
587857.3724	5246628.239	1145.1336
587855.7509	5246625.477	1144.49047
587885.1001	5246522.482	1203.94476
587882.43	5246521.382	1197.73294
587874.5388	5246518.352	1179.60648
587901.1051	5246482.834	1192.22825
587901.1051	5246482.834	1203.82894
587904.0525	5246484.401	1214.1007
587903.6045	5246488.656	1215.65518
587903.6045	5246488.656	1221.47381
586853.7148	5247861.566	1419.99919
586836.009	5247804.477	1436.31209
586836.2924	5247806.257	1436.31209
586834.741	5247806.065	1433.80968
586834.741	5247806.065	1427.40888
586835.1677	5247801.182	1426.72003
586835.0001	5247796.434	1412.91564
586836.713	5247803.304	1412.91564
586833.7778	5247792.428	1412.02562
587871.2317	5246686.739	1127.12297
587870.3264	5246678.119	1127.88192
587868.1532	5246670.536	1128.2934
587650.529	5247381.369	1147.72135
587930.2989	5246339.355	1227.9569
587929.3631	5246343.412	1227.59114
587932.9019	5246350.67	1225.27771
587937.544	5246353.242	1222.91246
587943.3413	5246353.343	1220.45273
587949.2483	5246351.425	1217.2889
587949.2483	5246357.784	1215.93559
587951.7568	5246362.127	1213.80504
587952.2048	5246368.513	1213.80504
587949.0471	5246375.599	1214.6219
587951.4215	5246380.686	1213.6313
587949.5775	5246384.829	1214.02754
587949.486	5246387.416	1216.20077
587947.8279	5246389.394	1218.78242
587942.6463	5246396.268	1220.61427
587939.8848	5246400.364	1221.04404
587935.6146	5246405.454	1226.42681
587927.8635	5246413.202	1229.56625
587927.2326	5246416.458	1233.66276
587925.3672	5246420.46	1234.28455
587923.578	5246431.74	1234.48267
587920.1765	5246435.943	1230.97138
587917.8874	5246438.397	1231.50173
587912.2943	5246445.063	1235.55862
587910.9959	5246451.162	1237.00032
587910.6057	5246456.752	1238.29267
587910.8983	5246460.087	1238.88398
587910.24	5246463.473	1238.88398
587912.7851	5246468.469	1237.48495
587914.8516	5246472.9	1236.71076
587913.5105	5246474.888	1231.79434
587947.1269	5246387.919	1215.99046
587947.1269	5246387.919	1211.39102
587953.1589	5246345.625	1218.77328
587958.0783	5246342.787	1218.27646
587961.3001	5246339.331	1217.18527
587964.7626	5246335.204	1215.11873
587967.2681	5246325.856	1213.58558
587969.5541	5246316.687	1212.59194
587971.5779	5246305.203	1211.15938
587977.6038	5246303.13	1209.08978
587990.6828	5246295.879	1205.6364
587996.8977	5246293.977	1203.52718
588000.2474	5246291.066	1203.52718
588007.7242	5246286.207	1201.46978
588007.7242	5246280.779	1200.31459
588014.7529	5246274.671	1197.81828
588020.8763	5246269.712	1196.43144
588023.8481	5246267.471	1195.77307
588027.1491	5246258.407	1194.76114
588029.0632	5246251.265	1193.85283
588029.9837	5246240.734	1192.55438
588031.1694	5246235.16	1192.55438
587927.2326	5246416.458	1245.66274
587924.7728	5246417.46	1227.6521
587922.6088	5246420.13	1225.42097
587925.925	5246421.722	1234.1413
587928.4	5246420.426	1232.11742
587927.7233	5246419.091	1230.25814
587926.0835	5246418.658	1229.72779
587922.6088	5246420.13	1222.92161
587920.1155	5246877.519	1113.4405
587912.0962	5246881.607	1118.02774
587907.762	5246883.722	1120.17353
587898.2949	5246882.223	1128.21415
587893.2443	5246882.311	1132.30762
587886.1974	5246886.712	1137.49836
587884.0912	5246890.083	1139.61062
587881.7564	5246894.869	1141.34189
587883.4694	5246897.505	1139.80874
587882.3599	5246904.506	1140.1806
587883.3322	5246907.893	1140.92736
587880.8877	5246910.514	1142.91466
587880.7262	5246915.11	1142.99695
587878.4371	5246916.656	1144.16738
587878.9096	5246919.637	1143.46939
587876.3218	5246919.728	1143.69799
587871.0427	5246923.563	1145.94437
587868.1014	5246922.493	1146.60883
587865.7453	5246918.725	1145.90474
587864.7973	5246919.033	1145.83464
587922.0418	5246420.13	1216.44461
587921.225	5246420.274	1206.98057
587802.2006	5246705.213	1167.25294
587800.9235	5246706.908	1171.14828
587812.2529	5246711.711	1180.00272
587819.0682	5246715.826	1184.00779
587815.1302	5246725.567	1189.59478
587806.9036	5246735.373	1196.40096
587804.834	5246742.591	1199.43677
587809.4975	5246749.25	1198.86679
587809.5737	5246753.691	1199.17769
587814.5968	5246755.926	1199.17769
587810.4698	5246761.406	1201.674
587807.5437	5246767.679	1203.65825
587803.7947	5246770.303	1205.4139
587799.0672	5246776.576	1208.913
587793.2882	5246785.823	1213.31736
587791.307	5246797.055	1211.51294
587791.1607	5246805.471	1208.6143
587791.1607	5246811.149	1207.71514
587791.6545	5246820.543	1206.3923
587789.7769	5246828.675	1205.07252
587782.861	5246831.9	1206.69406
587778.4353	5246834.253	1207.30975
587773.6865	5246843.184	1203.82589
587817.4223	5246752.177	1197.46776
587776.4114	5246836.088	1200.7535
587767.8161	5246846.439	1206.13627
587763.2593	5246843.912	1208.9069
587756.8768	5246845.384	1213.32346
587748.9337	5246848.594	1218.67574
587741.6581	5246849.103	1223.41538
587737.8451	5246849.914	1226.04276
587733.2792	5246853.885	1230.12403
587726.3572	5246859.292	1236.74429
587727.7806	5246863.953	1236.23222
587725.8634	5246866.498	1238.81388
587726.1194	5246871.393	1238.81388
587722.0991	5246862.273	1239.74657
587823.8719	5246718.621	1182.76726
587825.1337	5246719.155	1181.75227
587833.6102	5246721.761	1178.06724
587833.6133	5246721.742	1176.85414
587836.1248	5246717.484	1173.64459
587842.5134	5246717.378	1170.46858
587843.4004	5246715.25	1168.6733
587846.299	5246714.64	1167.39314
587849.4263	5246716.753	1165.23211
587845.7778	5246712.799	1160.56562
587851.9104	5246712.019	1153.64971
587851.9195	5246711.903	1145.98094
587850.2371	5246711.891	1143.71933
587850.0237	5246709.316	1139.94895
587855.0041	5246708.349	1137.1387
587860.6978	5246709.148	1134.81612
587865.6843	5246707.234	1131.47551
587873.8255	5246705.652	1125.45266
587875.9317	5246707.831	1123.32821
587840.453	5246713.36	1166.51227
587879.129	5246704.85	1120.90505
587877.1052	5246698.233	1122.8893
587842.2117	5246710.148	1143.05791
587837.5086	5246710.98	1145.8895
587828.898	5246710.212	1151.85139
587858.0399	5246718.271	1160.38274
587860.8289	5246602.898	1145.13665
587862.2218	5246604.961	1145.74015
587864.837	5246606.126	1146.63626
587864.837	5246606.126	1160.33702
587863.4715	5246603.94	1159.27022
587865.5106	5246604.047	1161.00454
587866.2482	5246605.181	1167.36266
587866.806	5246607.131	1167.36266
587869.4577	5246608.259	1167.36266
587866.806	5246607.131	1174.06217
587862.8161	5246605.76	1173.97378
587863.8738	5246605.851	1173.53486
587863.5629	5246605.86	1164.63775
587861.7798	5246607.022	1152.57377
587910.8923	5246486.552	1222.44307
587910.8923	5246486.552	1242.44405
587862.5845	5246531.386	1171.15133
587861.4933	5246534.958	1169.56332
587860.4722	5246539.755	1164.11654
587858.5459	5246545.053	1160.31264
587858.2624	5246549.094	1158.59357
587857.4639	5246554.13	1156.53312
587858.5215	5246554.764	1157.00861
587861.1428	5246556.888	1164.23846
587860.4814	5246559.744	1165.30831
587860.7496	5246561.93	1164.67738
587859.7803	5246565.554	1161.7452
587858.7623	5246570.33	1156.31976
587860.7709	5246568.608	1164.07692
587861.3775	5246573.533	1164.336
587861.4994	5246577.023	1164.336
587860.7374	5246582.427	1163.66849
587862.3772	5246589.517	1164.68957
587860.0272	5246589.395	1156.49045
587858.1131	5246600.258	1158.43507
587857.8631	5246581.848	1155.24686
587789.1948	5246705.88	1175.90621
587781.3919	5246703.79	1179.00602
587777.143	5246702.491	1179.71011
587770.9372	5246699.599	1183.82491
587761.2964	5246696.834	1189.85081
587756.6025	5246698.824	1191.91126
587750.2108	5246697.111	1197.08371
587746.8337	5246695.749	1198.4797
587742.9505	5246695.408	1201.11012
587734.5715	5246696.736	1205.81014
587728.4634	5246698.373	1209.03492
587724.3821	5246694.95	1210.76314
587724.3821	5246694.95	1210.76314
587864.8339	5246645.548	1132.08816
587867.7051	5246642.988	1132.9355
587873.7768	5246640.458	1129.83264
587881.2383	5246637.252	1126.29086
587886.1791	5246633.811	1124.23346
587886.6119	5246627.236	1124.32186
587887.4989	5246622.304	1126.52861
587891.6685	5246622.067	1123.6391
587899.3769	5246623.13	1118.56723
587919.2377	5246626.541	1106.06738
587928.2567	5246627.446	1100.37982
587930.4909	5246626.98	1100.23351
587940.0189	5246627.16	1093.57973
587944.3166	5246629.199	1089.49541
587958.8678	5246627.407	1078.59576
587966.4329	5246627.388	1073.76468
587974.0407	5246626.55	1066.51958
587980.6396	5246628.986	1061.05757
587996.6904	5246624.871	1049.97199
587989.8812	5246633.402	1055.1475
587997.8669	5246642.104	1050.94735
587994.7945	5246657.542	1051.41979
587998.7326	5246659.88	1050.40786
587994.5294	5246663.596	1052.00196
587995.7912	5246671.484	1050.71875
587992.5207	5246665.296	1053.26383
587990.4542	5246667.564	1052.27323
587987.9792	5246666.979	1051.65754
587999.9335	5246618.473	1049.36544
587995.648	5246606.985	1056.35146
587996.349	5246602.081	1058.81729
587993.9076	5246598.384	1058.36009
587884.9782	5246621.439	1127.13821
587883.4237	5246620.738	1128.19586
587881.6955	5246619.659	1129.3541
587885.0574	5246626.114	1126.56823
587881.1072	5246625.992	1128.99139
587878.6078	5246625.81	1130.89639
587875.8738	5246628.961	1131.67363
587875.1941	5246632.439	1131.8687
587870.7775	5246635.767	1133.52682
587871.2317	5246643.799	1133.09095
587869.1438	5246646.7	1133.52072
587866.0806	5246649.651	1138.28779
587868.7018	5246652.248	1141.36627
587867.3668	5246659.645	1130.62207
587867.7996	5246658.426	1128.54638
587775.6799	5246608.223	1170.94406
587772.4338	5246610.17	1168.74036
587771.0317	5246607.671	1169.24633
587766.3805	5246607.671	1171.02941
587764.8961	5246604.876	1171.43479
587763.2563	5246605.077	1172.1023
587761.5189	5246603.669	1172.7881
587757.4529	5246603.526	1174.51327
587756.6635	5246605.296	1175.03448
587753.457	5246605.522	1176.39694
587753.9233	5246604.925	1177.61004
587746.6599	5246603.904	1180.8775
587739.7958	5246601.938	1183.33418
587734.4588	5246601.938	1185.93718
587731.1822	5246601.416	1187.48556
587729.201	5246602.855	1188.42434
587722.9008	5246601.285	1190.78959
587718.4385	5246600.971	1192.41722
587718.533	5246602.093	1192.80432
587713.836	5246601.179	1194.45024
587710.6173	5246602.48	1195.99558
587702.4761	5246602.197	1198.48884
587697.8462	5246601.297	1200.20486
587691.3722	5246601.069	1202.0611
587685.4591	5246600.554	1203.4327
587760.6746	5246606.372	1173.35503
587763.2746	5246608.192	1172.44673
587871.1677	5246608.076	1179.38093
587869.156	5246606.369	1179.60038
587868.2263	5246607.787	1178.09162
587866.556	5246607.924	1176.59201
587865.4191	5246606.583	1175.90011
587868.8786	5246604.705	1183.59022
587867.8301	5246603.361	1181.06342
587869.3053	5246603.471	1181.0238
587865.7057	5246603.245	1176.96082
587865.7057	5246603.245	1175.50082
587866.0135	5246600.511	1175.18078
587863.4745	5246599.136	1172.94355
588001.7318	5246597.747	1071.77738
588007.6967	5246591.285	1072.14619
588009.9065	5246587.972	1072.48757
588014.1951	5246586.853	1071.70728
588014.2469	5246583.052	1071.72557
588017.9898	5246580.19	1075.59653
588017.0236	5246574.53	1076.41644
588021.5956	5246571.293	1080.77508
588024.8052	5246566.389	1087.47154
588026.2621	5246563.539	1087.57212
588021.5895	5246555.858	1087.96531
588021.9797	5246550.423	1089.26376
588021.4828	5246547.281	1090.45248
588023.7475	5246544.501	1092.64094
588024.9057	5246540.539	1096.71307
588027.6246	5246536.716	1101.63864
588029.1425	5246529.438	1103.64422
588028.7066	5246522.842	1100.31886
588025.9634	5246516.155	1099.30387
588027.0759	5246508.12	1101.07171
588029.7307	5246498.15	1106.37523
588030.8554	5246496.251	1107.74683
588032.9281	5246490.914	1111.59646
588034.7203	5246486.583	1111.2185
588035.2781	5246480.453	1106.26855
588034.1625	5246473.489	1110.64243
588034.7965	5246464.223	1118.24414
588034.0802	5246458.496	1119.46944
588031.6235	5246452.592	1124.76077
588029.179	5246448.358	1127.49178
588026.8077	5246442.018	1130.72266
588026.9144	5246435.377	1134.20957
588030.1453	5246434.395	1138.16282
588033.559	5246433.557	1140.64085
588041.1455	5246422.88	1140.41225
588044.4678	5246416.391	1140.04344
588047.0647	5246413.757	1140.15926
588060.3418	5246416.098	1141.93625
588062.0029	5246414.586	1141.43638
588073.5732	5246412.773	1135.13006
588086.4784	5246408.679	1131.98148
588089.4319	5246410.801	1134.46255
588092.1141	5246406.357	1134.73382
588094.2996	5246405.342	1135.39219
588096.8904	5246404.357	1130.32642
588103.916	5246403.68	1126.7755
588023.778	5246432.194	1133.67617
588021.2177	5246419.506	1138.46458
588018.6177	5246413.437	1134.90756
588015.8349	5246408.14	1129.90579
588000.7321	5246596.774	1071.87187
587993.6668	5246599.731	1058.97578
588022.062	5246407.594	1122.04805
588027.146	5246404.936	1115.1108
588024.6375	5246403.766	1115.65639
588018.4867	5246403.098	1114.37318
588032.4252	5246405.192	1115.50094
588037.2623	5246403.568	1112.42246
588045.5895	5246402.44	1108.74962
588050.7772	5246400.663	1105.86012
588058.1869	5246398.636	1098.33766
588062.2956	5246397.914	1097.63357
588066.1299	5246396.518	1094.76235
588071.3298	5246392.903	1081.95466
588079.1205	5246391.656	1079.12916
587814.3316	5246977.201	1169.47798
587811.2989	5246977.628	1172.04744
587809.4975	5246978.076	1173.72079
587782.8732	5246457.1	1312.4688
587783.1719	5246455.28	1312.57548
587786.5125	5246443.512	1262.94185
587783.9888	5246443.82	1259.02517
587781.0718	5246443.039	1255.42548
587780.4714	5246441.628	1254.13922
587779.5722	5246441.549	1253.20349
587773.9151	5246440.552	1249.75315
587776.2286	5246438.321	1245.92486
587776.3017	5246434.115	1227.70392
587778.1945	5246432.35	1227.47837
587778.5725	5246430.713	1224.18043
587779.9715	5246430.204	1212.07073
587784.7508	5246428.741	1212.07073
